Selection	View	Channel	Begin Time (s)	End Time (s)	Low Freq (Hz)	High Freq (Hz)	Delta Time (s)	Delta Freq (Hz)	Avg Power Density (dB FS)	Annotation
1	Spectrogram 1	1	27.099434840	28.108471992	201.5	2286.9	1.009	2085.4	-61.0	
2	Spectrogram 1	1	28.483626831	29.128289456	61.3	1130.3	0.645	1069.0	-59.2	
3	Spectrogram 1	1	34.671429945	34.943093794	153.3	906.9	0.272	753.5	-55.4	
4	Spectrogram 1	1	36.023281002	36.314349411	74.5	898.1	0.291	823.6	-55.8	
5	Spectrogram 1	1	36.495458643	36.805931613	39.4	661.5	0.310	622.1	-52.8	
6	Spectrogram 1	1	36.717533059	37.058190901	74.5	622.1	0.341	547.6	-49.0	
7	Spectrogram 1	1	40.632303805	41.054892014	184.0	1082.1	0.423	898.1	-62.1	
8	Spectrogram 1	1	41.544318154	41.874195684	70.1	810.5	0.330	740.4	-56.1	
9	Spectrogram 1	1	42.452020378	42.807770656	61.3	933.2	0.356	871.8	-59.5	
10	Spectrogram 1	1	43.392356641	43.782603916	61.3	871.8	0.390	810.5	-53.9	
11	Spectrogram 1	1	47.136356641	47.489950857	65.7	928.8	0.354	863.1	-55.5	
12	Spectrogram 1	1	50.592274883	50.825129611	78.9	740.4	0.233	661.5	-51.8	
13	Spectrogram 1	1	50.717326496	50.967429722	87.6	626.5	0.250	538.9	-51.1	
14	Spectrogram 1	1	53.034013260	53.344486230	96.4	661.5	0.310	565.2	-53.7	
15	Spectrogram 1	1	53.771386563	54.060298910	74.5	705.4	0.289	630.9	-53.7	
16	Spectrogram 1	1	56.723770768	57.021307364	43.8	766.7	0.298	722.9	-51.3	
17	Spectrogram 1	1	58.351597798	58.655602581	57.0	858.7	0.304	801.7	-51.7	
18	Spectrogram 1	1	59.115256975	59.408481447	118.3	797.4	0.293	679.1	-52.4	
19	Spectrogram 1	1	59.345955640	59.647804361	74.5	687.8	0.302	613.4	-52.2	
20	Spectrogram 1	1	59.686613482	59.953965206	83.2	609.0	0.267	525.7	-50.7	
21	Spectrogram 1	1	59.917312147	60.132918376	57.0	762.3	0.216	705.4	-48.4	
22	Spectrogram 1	1	60.053144071	60.264438176	35.0	736.0	0.211	701.0	-51.5	
23	Spectrogram 1	1	60.630968765	60.894008365	30.7	609.0	0.263	578.3	-51.6	
24	Spectrogram 1	1	60.930661424	61.120394905	113.9	657.2	0.190	543.3	-50.3	
25	Spectrogram 1	1	62.337830835	62.654771992	96.4	740.4	0.317	644.0	-50.8	
26	Spectrogram 1	1	62.825100913	63.159290568	127.1	687.8	0.334	560.8	-52.1	
27	Spectrogram 1	1	65.149749189	65.507655529	26.3	806.1	0.358	779.8	-54.7	
28	Spectrogram 1	1	67.083737063	67.303655417	17.5	793.0	0.220	775.5	-50.3	
29	Spectrogram 1	1	68.062781558	68.377566652	92.0	845.5	0.315	753.5	-52.1	
30	Spectrogram 1	1	70.031458643	70.244908810	96.4	753.5	0.213	657.2	-54.4	
31	Spectrogram 1	1	70.682589455	70.943472992	83.2	784.2	0.261	701.0	-47.6	
32	Spectrogram 1	1	70.937004806	71.169859533	96.4	762.3	0.233	665.9	-44.9	
33	Spectrogram 1	1	71.178483782	71.366061201	92.0	701.0	0.188	609.0	-48.7	
34	Spectrogram 1	1	71.521297686	71.857643404	70.1	893.7	0.336	823.6	-55.0	
35	Spectrogram 1	1	71.997787453	72.275919488	70.1	635.3	0.278	565.2	-50.0	
36	Spectrogram 1	1	74.892961647	75.203434617	87.6	766.7	0.310	679.1	-51.6	
37	Spectrogram 1	1	75.481566652	75.746762314	70.1	543.3	0.265	473.2	-49.6	
38	Spectrogram 1	1	75.673456196	75.882594238	87.6	665.9	0.209	578.3	-49.4	
39	Spectrogram 1	1	76.438858309	76.639372102	48.2	604.6	0.201	556.4	-47.8	
40	Spectrogram 1	1	76.589782670	76.818325272	96.4	604.6	0.229	508.2	-49.6	
41	Spectrogram 1	1	76.691117597	76.874382892	70.1	530.1	0.183	460.0	-48.7	
42	Spectrogram 1	1	78.274522270	78.630272548	87.6	863.1	0.356	775.5	-55.1	
43	Spectrogram 1	1	78.533249745	78.798445406	118.3	665.9	0.265	547.6	-50.1	
44	Spectrogram 1	1	80.029556974	80.301220823	13.1	793.0	0.272	779.8	-50.4	
45	Spectrogram 1	1	80.381629167	80.666229389	35.0	937.6	0.285	902.5	-49.6	
46	Spectrogram 1	1	80.940049300	81.302267765	122.7	788.6	0.362	665.9	-54.1	
47	Spectrogram 1	1	81.830503026	81.966334950	35.0	793.0	0.136	757.9	-50.6	
48	Spectrogram 1	1	81.946930390	82.205657865	65.7	600.2	0.259	534.5	-49.2	
49	Spectrogram 1	1	82.731737063	82.983996352	122.7	928.8	0.252	806.1	-52.2	
50	Spectrogram 1	1	83.057302469	83.294469321	57.0	573.9	0.237	517.0	-47.4	
51	Spectrogram 1	1	83.361720379	83.657100913	96.4	648.4	0.295	552.0	-51.7	
52	Spectrogram 1	1	83.575170546	83.784308588	74.5	722.9	0.209	648.4	-50.7	
53	Spectrogram 1	1	83.907204138	84.230613482	30.7	744.8	0.323	714.1	-49.4	
54	Spectrogram 1	1	84.379381780	84.631641068	113.9	854.3	0.252	740.4	-55.8	
55	Spectrogram 1	1	85.000327720	85.304332503	57.0	648.4	0.304	591.4	-50.0	
56	Spectrogram 1	1	85.304332503	85.554435729	109.5	740.4	0.250	630.9	-47.0	
57	Spectrogram 1	1	85.953278554	86.207693905	74.5	705.4	0.254	630.9	-48.0	
58	Spectrogram 1	1	86.130075662	86.343525829	100.8	582.7	0.213	481.9	-47.0	
59	Spectrogram 1	1	87.011905139	87.311597798	48.2	657.2	0.300	609.0	-48.5	
60	Spectrogram 1	1	88.558877665	88.830541513	109.5	705.4	0.272	595.8	-52.9	
61	Spectrogram 1	1	88.856414261	89.095737175	122.7	661.5	0.239	538.9	-52.3	
62	Spectrogram 1	1	89.660625495	89.796457420	118.3	714.1	0.136	595.8	-52.0	
63	Spectrogram 1	1	90.096150078	90.382906363	30.7	652.8	0.287	622.1	-50.0	
64	Spectrogram 1	1	91.059909922	91.275516151	109.5	639.6	0.216	530.1	-53.0	
65	Spectrogram 1	1	92.067765985	92.315713148	70.1	652.8	0.248	582.7	-52.6	
66	Spectrogram 1	1	92.369614706	92.593845184	52.6	609.0	0.224	556.4	-47.0	
67	Spectrogram 1	1	92.606781558	92.846104472	153.3	744.8	0.239	591.4	-52.3	
68	Spectrogram 1	1	93.874546185	94.107400912	52.6	530.1	0.233	477.5	-47.2	
69	Spectrogram 1	1	94.359362760	94.615934172	157.7	696.6	0.257	538.9	-53.8	
70	Spectrogram 1	1	94.521067432	94.788419156	105.1	626.5	0.267	521.3	-50.9	
71	Spectrogram 1	1	94.855257087	95.051458755	100.8	670.3	0.196	569.5	-47.4	
72	Spectrogram 1	1	94.907002582	95.113984562	113.9	600.2	0.207	486.3	-45.5	
73	Spectrogram 1	1	95.066551191	95.338215040	70.1	600.2	0.272	530.1	-52.0	
74	Spectrogram 1	1	95.370555974	95.538728833	170.9	771.1	0.168	600.2	-48.0	
75	Spectrogram 1	1	95.603410702	95.892323049	140.2	784.2	0.289	644.0	-46.4	
76	Spectrogram 1	1	96.157518710	96.474459867	48.2	801.7	0.317	753.5	-54.8	
77	Spectrogram 1	1	96.470147743	96.690066096	74.5	617.7	0.220	543.3	-43.4	
78	Spectrogram 1	1	96.590887231	96.817273771	96.4	534.5	0.226	438.1	-44.0	
79	Spectrogram 1	1	97.136370990	97.360601469	78.9	731.6	0.224	652.8	-48.4	
80	Spectrogram 1	1	99.437302581	99.752087676	74.5	880.6	0.315	806.1	-46.8	
81	Spectrogram 1	1	99.803833171	100.032375773	83.2	687.8	0.229	604.6	-49.6	
82	Spectrogram 1	1	99.896543849	100.084121268	30.7	609.0	0.188	578.3	-48.3	
83	Spectrogram 1	1	100.120774327	100.465744294	105.1	806.1	0.345	701.0	-50.5	
84	Spectrogram 1	1	100.875396129	101.127655417	83.2	705.4	0.252	622.1	-50.4	
85	Spectrogram 1	1	98.235560091	98.608558867	201.5	906.9	0.373	705.4	-54.8	
86	Spectrogram 1	1	102.295310146	102.735146853	223.4	1121.6	0.440	898.1	-61.0	
87	Spectrogram 1	1	103.388433727	103.701062759	122.7	1090.9	0.313	968.2	-52.1	
88	Spectrogram 1	1	103.800241625	103.989975106	118.3	731.6	0.190	613.4	-44.6	
89	Spectrogram 1	1	103.979194795	104.263795017	131.4	744.8	0.285	613.4	-46.2	
90	Spectrogram 1	1	104.567799800	104.772625718	144.6	709.7	0.205	565.2	-48.7	
91	Spectrogram 1	1	104.751065095	104.908457642	70.1	670.3	0.157	600.2	-45.3	
92	Spectrogram 1	1	104.884740957	105.055069878	140.2	867.5	0.170	727.3	-48.9	
93	Spectrogram 1	1	106.672750635	107.149240401	4.4	915.6	0.476	911.3	-50.4	
94	Spectrogram 1	1	107.207454083	107.451089122	48.2	705.4	0.244	657.2	-47.7	
95	Spectrogram 1	1	108.360947408	108.539900579	35.0	823.6	0.179	788.6	-53.5	
96	Spectrogram 1	1	107.494210368	107.737845406	149.0	731.6	0.244	582.7	-50.2	
97	Spectrogram 1	1	110.051713371	110.441960645	83.2	705.4	0.390	622.1	-53.5	
98	Spectrogram 1	1	110.513110701	110.814959422	78.9	670.3	0.302	591.4	-50.1	
99	Spectrogram 1	1	114.063065095	114.302388009	70.1	766.7	0.239	696.6	-48.7	
100	Spectrogram 1	1	114.595612481	114.841403582	48.2	626.5	0.246	578.3	-50.4	
101	Spectrogram 1	1	115.514066319	115.807290790	74.5	823.6	0.293	749.2	-51.6	
102	Spectrogram 1	1	116.495074661	116.850824939	52.6	736.0	0.356	683.4	-54.0	
103	Spectrogram 1	1	117.532111925	117.810243960	61.3	766.7	0.278	705.4	-51.3	
104	Spectrogram 1	1	117.866301580	118.060347186	74.5	722.9	0.194	648.4	-53.2	
105	Spectrogram 1	1	121.084664205	121.399449300	127.1	898.1	0.315	771.1	-50.8	
106	Spectrogram 1	1	125.719559756	125.924385674	83.2	898.1	0.205	814.9	-52.1
