Selection	View	Channel	Begin Time (s)	End Time (s)	Low Freq (Hz)	High Freq (Hz)	Delta Time (s)	Delta Freq (Hz)	Avg Power Density (dB FS)	Annotation
1	Spectrogram 1	1	27.784902397	28.708968346	83.1	2506.9	0.924	2423.8	-54.7	
2	Spectrogram 1	1	40.011053550	40.750306310	110.8	2139.9	0.739	2029.1	-65.8	
3	Spectrogram 1	1	45.538632788	46.054164318	48.5	1433.5	0.516	1385.0	-59.3	
4	Spectrogram 1	1	48.534100560	48.811320345	34.6	630.2	0.277	595.6	-62.8	
5	Spectrogram 1	1	48.886704672	49.227150022	41.6	803.3	0.340	761.8	-56.1	
6	Spectrogram 1	1	50.148784219	50.433299262	48.5	651.0	0.285	602.5	-63.6	
7	Spectrogram 1	1	51.362228716	51.712401076	55.4	824.1	0.350	768.7	-53.7	
8	Spectrogram 1	1	53.027525137	53.146681010	90.0	1516.6	0.119	1426.6	-58.9	
9	Spectrogram 1	1	57.116392863	57.478723985	62.3	713.3	0.362	651.0	-54.9	
