Selection	View	Channel	Begin Time (s)	End Time (s)	Low Freq (Hz)	High Freq (Hz)	Delta Time (s)	Delta Freq (Hz)	Avg Power Density (dB FS)	Annotation
1	Spectrogram 1	1	4.318063095	4.749438030	61.7	963.0	0.431	901.2	-58.9	
2	Spectrogram 1	1	10.035579116	10.760289006	74.1	1284.0	0.725	1209.9	-50.5	
3	Spectrogram 1	1	33.411421366	33.773776311	144.9	1099.0	0.362	954.1	-59.7	
4	Spectrogram 1	1	34.325936228	34.511427450	60.4	676.3	0.185	615.9	-60.7	
5	Spectrogram 1	1	36.461242154	37.039284566	72.5	1026.6	0.578	954.1	-59.5	
6	Spectrogram 1	1	37.868869929	38.373578602	36.2	966.2	0.505	930.0	-55.7	
7	Spectrogram 1	1	38.645344811	39.111229740	12.1	1002.4	0.466	990.3	-54.6	
8	Spectrogram 1	1	39.400250946	39.930842116	96.6	1159.4	0.531	1062.8	-56.8	
11	Spectrogram 1	1	43.054398914	43.767261593	48.3	1715.0	0.713	1666.7	-51.5	
12	Spectrogram 1	1	47.140613581	47.822185978	120.8	1256.0	0.682	1135.3	-59.1	
13	Spectrogram 1	1	48.076697189	48.318267153	108.7	785.0	0.242	676.3	-58.2	
14	Spectrogram 1	1	49.410198892	49.625886359	84.5	1570.0	0.216	1485.5	-57.2	
15	Spectrogram 1	1	51.709427293	52.270214708	72.5	1002.4	0.561	930.0	-58.3	
16	Spectrogram 1	1	52.598059658	52.744727136	108.7	579.7	0.147	471.0	-59.0	
17	Spectrogram 1	1	53.184729569	53.542770765	60.4	664.3	0.358	603.9	-54.7	
18	Spectrogram 1	1	52.796492128	53.038062092	132.9	1050.7	0.242	917.9	-57.6	
19	Spectrogram 1	1	53.421985783	53.723948238	132.9	833.3	0.302	700.5	-52.6	
22	Spectrogram 1	1	53.796791346	54.146205043	72.5	869.6	0.349	797.1	-54.8	
23	Spectrogram 1	1	54.016792563	54.465422495	132.9	930.0	0.449	797.1	-56.7	
24	Spectrogram 1	1	54.823463691	55.410133602	120.8	1087.0	0.587	966.2	-59.9	
25	Spectrogram 1	1	55.263466124	55.638762317	60.4	942.0	0.375	881.6	-56.1	
26	Spectrogram 1	1	55.867391032	56.216804729	84.5	797.1	0.349	712.6	-50.5	
27	Spectrogram 1	1	56.152098489	56.238373476	108.7	966.2	0.086	857.5	-47.1	
28	Spectrogram 1	1	57.191712082	57.575635773	96.6	821.3	0.384	724.6	-55.6	
29	Spectrogram 1	1	58.181748756	58.621751189	84.5	917.9	0.440	833.3	-49.9	
30	Spectrogram 1	1	58.751163669	58.966851137	72.5	688.4	0.216	615.9	-51.1	
31	Spectrogram 1	1	59.613913539	59.795091011	84.5	676.3	0.181	591.8	-58.7	
32	Spectrogram 1	1	59.933130990	60.174700953	132.9	615.9	0.242	483.1	-53.1	
33	Spectrogram 1	1	60.459408410	60.610389637	84.5	760.9	0.151	676.3	-52.6	
34	Spectrogram 1	1	60.942548337	61.188432050	84.5	917.9	0.246	833.3	-46.6	
35	Spectrogram 1	1	61.593924488	61.826866953	72.5	930.0	0.233	857.5	-55.6	
36	Spectrogram 1	1	61.926083188	62.159025653	132.9	833.3	0.233	700.5	-54.0	
37	Spectrogram 1	1	62.107260660	62.413536864	205.3	845.4	0.306	640.1	-54.2	
39	Spectrogram 1	1	63.288888234	63.426928213	96.6	893.7	0.138	797.1	-46.6	
40	Spectrogram 1	1	63.370849472	63.797910657	144.9	978.3	0.427	833.3	-51.4	
41	Spectrogram 1	1	64.941054234	65.393997915	72.5	809.2	0.453	736.7	-53.9		
43	Spectrogram 1	1	66.312826526	66.481062750	48.3	990.3	0.168	942.0	-48.5	
44	Spectrogram 1	1	66.325767774	66.636357727	108.7	821.3	0.311	712.6	-49.8	
45	Spectrogram 1	1	66.571651487	66.998712672	96.6	930.0	0.427	833.3	-53.0	
46	Spectrogram 1	1	67.184203894	67.447342604	120.8	1002.4	0.263	881.6	-58.7	
47	Spectrogram 1	1	67.863600363	68.079287830	181.2	1304.3	0.216	1123.2	-54.4	
48	Spectrogram 1	1	68.959292696	69.356157636	84.5	893.7	0.397	809.2	-49.3	
49	Spectrogram 1	1	69.002430190	69.420863876	48.3	833.3	0.418	785.0	-49.6	
50	Spectrogram 1	1	70.011847537	70.395771229	132.9	881.6	0.384	748.8	-54.8	
51	Spectrogram 1	1	70.499301213	70.857342409	72.5	954.1	0.358	881.6	-51.5	
52	Spectrogram 1	1	70.615772445	70.952244894	48.3	905.8	0.336	857.5	-51.5	
53	Spectrogram 1	1	71.586366048	71.827936011	108.7	857.5	0.242	748.8	-49.5	
54	Spectrogram 1	1	71.651072288	71.931465996	48.3	881.6	0.280	833.3	-50.1	
55	Spectrogram 1	1	71.906828420	72.152712132	108.7	821.3	0.246	712.6	-46.2	
56	Spectrogram 1	1	72.497812080	72.786833286	84.5	833.3	0.289	748.8	-48.0	
57	Spectrogram 1	1	73.015462002	73.373503197	96.6	881.6	0.358	785.0	-49.3	
58	Spectrogram 1	1	74.883315468	75.068806690	169.1	821.3	0.185	652.2	-56.3	
59	Spectrogram 1	1	75.695545266	76.014762717	96.6	760.9	0.319	664.3	-50.6	
60	Spectrogram 1	1	75.988880221	76.178685192	132.9	724.6	0.190	591.8	-46.6	
61	Spectrogram 1	1	76.062213960	76.381431412	96.6	821.3	0.319	724.6	-47.3	
62	Spectrogram 1	1	76.178685192	76.459078900	96.6	772.9	0.280	676.3	-48.4	
63	Spectrogram 1	1	76.424568905	76.679080117	108.7	845.4	0.255	736.7	-50.4	
65	Spectrogram 1	1	77.498692492	77.804968696	84.5	724.6	0.306	640.1	-47.9	
66	Spectrogram 1	1	77.170847542	77.438300001	108.7	845.4	0.267	736.7	-49.4	
67	Spectrogram 1	1	77.632418722	77.861047437	132.9	809.2	0.229	676.3	-47.6	
68	Spectrogram 1	1	77.873988685	78.175951140	84.5	615.9	0.302	531.4	-48.9	
69	Spectrogram 1	1	79.060269755	79.336349714	48.3	966.2	0.276	917.9	-50.7	
70	Spectrogram 1	1	79.835461674	80.137424128	96.6	833.3	0.302	736.7	-45.8	
71	Spectrogram 1	1	79.951932906	80.228012865	84.5	942.0	0.276	857.5	-47.8	
72	Spectrogram 1	1	80.465269079	80.646446551	48.3	978.3	0.181	930.0	-47.2	
73	Spectrogram 1	1	81.013115246	81.271940206	84.5	881.6	0.259	797.1	-49.5	
74	Spectrogram 1	1	81.949198854	82.130376326	181.2	809.2	0.181	628.0	-37.6	
75	Spectrogram 1	1	81.979395099	82.268416305	48.3	748.8	0.289	700.5	-39.4	
76	Spectrogram 1	1	82.837831219	83.044891188	48.3	664.3	0.207	615.9	-47.3	
77	Spectrogram 1	1	81.008801496	81.103703982	374.4	930.0	0.095	555.6	-50.8	
79	Spectrogram 1	1	83.415873631	83.726463584	72.5	579.7	0.311	507.2	-49.7	
80	Spectrogram 1	1	82.958968219	83.286813170	96.6	676.3	0.328	579.7	-48.6	
81	Spectrogram 1	1	84.813880438	85.033881655	72.5	736.7	0.220	664.3	-50.1	
82	Spectrogram 1	1	85.077019148	85.443687843	96.6	748.8	0.367	652.2	-49.2	
83	Spectrogram 1	1	86.323692709	86.677420156	84.5	700.5	0.354	615.9	-53.9	
84	Spectrogram 1	1	86.073495247	86.293496464	84.5	628.0	0.220	543.5	-58.7	
85	Spectrogram 1	1	87.788090991	88.150445936	60.4	869.6	0.362	809.2	-51.7	
86	Spectrogram 1	1	89.017509555	89.319472009	96.6	966.2	0.302	869.6	-53.5	
87	Spectrogram 1	1	89.949279413	90.238300620	120.8	893.7	0.289	772.9	-49.4	
88	Spectrogram 1	1	90.070064395	90.441046839	108.7	712.6	0.371	603.9	-49.2	
89	Spectrogram 1	1	91.520087645	91.822050099	96.6	797.1	0.302	700.5	-49.6	
90	Spectrogram 1	1	91.416557661	91.545970141	60.4	567.6	0.129	507.2	-52.8	
91	Spectrogram 1	1	92.404406261	92.753819958	48.3	833.3	0.349	785.0	-50.5	
92	Spectrogram 1	1	92.654603723	92.982448673	72.5	797.1	0.328	724.6	-49.5	
93	Spectrogram 1	1	92.732251211	92.900487436	96.6	555.6	0.168	458.9	-45.8	
94	Spectrogram 1	1	93.055782412	93.193822391	72.5	676.3	0.138	603.9	-46.1	
95	Spectrogram 1	1	93.107547405	93.444019853	84.5	833.3	0.336	748.8	-48.3	
96	Spectrogram 1	1	93.784806052	94.160102245	120.8	833.3	0.375	712.6	-48.5	
97	Spectrogram 1	1	94.336965968	94.613045926	96.6	736.7	0.276	640.1	-51.1	
98	Spectrogram 1	1	94.617359676	94.893439634	72.5	772.9	0.276	700.5	-49.3	
99	Spectrogram 1	1	94.401672208	94.695007164	96.6	676.3	0.293	579.7	-50.2	
100	Spectrogram 1	1	95.389520809	95.721679508	120.8	676.3	0.332	555.6	-51.5	
101	Spectrogram 1	1	97.966174656	98.224999617	157.0	966.2	0.259	809.2	-52.6	
102	Spectrogram 1	1	98.173234625	98.371667094	36.2	760.9	0.198	724.6	-46.2	
103	Spectrogram 1	1	98.790100781	99.074808238	108.7	857.5	0.285	748.8	-46.2	
104	Spectrogram 1	1	99.195593220	99.566575663	96.6	724.6	0.371	628.0	-49.2	
105	Spectrogram 1	1	99.277554457	99.501869423	60.4	543.5	0.224	483.1	-46.1	
106	Spectrogram 1	1	101.551302634	102.215620033	108.7	1244.0	0.664	1135.3	-59.4	
107	Spectrogram 1	1	102.595229975	103.117193646	144.9	1545.9	0.522	1401.0	-57.8	
108	Spectrogram 1	1	104.795242142	105.330147061	72.5	1340.6	0.535	1268.1	-57.6	
109	Spectrogram 1	1	108.792113056	109.253684236	84.5	1582.1	0.462	1497.6	-57.7	
110	Spectrogram 1	1	110.672907771	111.207812690	60.4	1352.7	0.535	1292.3	-61.0	
111	Spectrogram 1	1	113.578299533	114.126145700	60.4	1256.0	0.548	1195.7	-60.6	
113	Spectrogram 1	1	119.136596827	119.714639240	72.5	1449.3	0.578	1376.8	-57.6	
