Selection	View	Channel	Begin Time (s)	End Time (s)	Low Freq (Hz)	High Freq (Hz)	Delta Time (s)	Delta Freq (Hz)	Avg Power Density (dB FS)	Annotation
1	Spectrogram 1	1	20.072620459	20.607525378	149.9	1930.9	0.535	1781.0	-60.9	
2	Spectrogram 1	1	37.428941508	37.989728923	105.8	1128.5	0.561	1022.7	-60.5	
3	Spectrogram 1	1	40.529247958	41.167682861	211.6	1207.9	0.638	996.3	-63.8	
4	Spectrogram 1	1	43.574754996	43.997502432	52.9	1040.4	0.423	987.5	-62.4	
5	Spectrogram 1	1	46.154118981	46.378433947	61.7	661.3	0.224	599.5	-57.3	
6	Spectrogram 1	1	68.011607770	68.296315226	114.6	608.4	0.285	493.7	-47.3	
7	Spectrogram 1	1	73.220707717	73.345806448	70.5	414.4	0.125	343.9	-52.4	
8	Spectrogram 1	1	74.344305493	74.516855467	61.7	458.5	0.173	396.8	-52.9	
9	Spectrogram 1	1	75.763529028	75.918824004	35.3	581.9	0.155	546.6	-47.1	
10	Spectrogram 1	1	77.841619138	77.945149122	79.4	299.8	0.104	220.4	-60.0	
11	Spectrogram 1	1	79.027900208	79.101233947	88.2	317.4	0.073	229.2	-53.2	
12	Spectrogram 1	1	85.343448887	85.528940109	61.7	484.9	0.185	423.2	-45.7	
13	Spectrogram 1	1	84.053239127	84.325005336	44.1	299.8	0.272	255.7	-61.3	
14	Spectrogram 1	1	86.447370014	86.801097461	52.9	511.4	0.354	458.5	-48.3	
15	Spectrogram 1	1	87.473356474	87.680416443	52.9	634.8	0.207	581.9	-38.6	
16	Spectrogram 1	1	90.694381330	90.897127550	52.9	784.7	0.203	731.8	-45.9	
17	Spectrogram 1	1	91.729747749	92.359555153	97.0	1093.3	0.630	996.3	-44.6	
18	Spectrogram 1	1	94.962961393	95.394336328	158.7	828.8	0.431	670.1	-43.5
