Selection	View	Channel	Begin Time (s)	End Time (s)	Low Freq (Hz)	High Freq (Hz)	Delta Time (s)	Delta Freq (Hz)	Avg Power Density (dB FS)	Annotation
1	Spectrogram 1	1	3.422936589	3.730697094	122.7	1187.3	0.308	1064.6	-59.2	
2	Spectrogram 1	1	11.952378307	12.701994964	113.9	1454.5	0.750	1340.6	-55.9	
3	Spectrogram 1	1	27.951533080	28.705546316	78.9	1524.6	0.754	1445.8	-52.6	
4	Spectrogram 1	1	31.159327798	31.434113963	70.1	1003.3	0.275	933.2	-55.9	
5	Spectrogram 1	1	34.296873656	34.853040853	157.7	1152.2	0.556	994.5	-58.5	
6	Spectrogram 1	1	34.593642714	34.925584400	65.7	963.8	0.332	898.1	-57.0	
7	Spectrogram 1	1	36.055505110	36.567706520	74.5	1323.1	0.512	1248.6	-60.2	
8	Spectrogram 1	1	36.855198685	37.204726687	127.1	1279.3	0.350	1152.2	-53.2	
9	Spectrogram 1	1	37.066234460	37.384986411	109.5	981.4	0.319	871.8	-54.9	
10	Spectrogram 1	1	39.427317684	39.644948326	74.5	1200.4	0.218	1125.9	-55.2	
11	Spectrogram 1	1	42.701761712	43.104048657	122.7	1064.6	0.402	941.9	-52.2	
12	Spectrogram 1	1	42.947970115	43.115040104	43.8	858.7	0.167	814.9	-48.2	
13	Spectrogram 1	1	42.985831638	43.278204117	109.5	806.1	0.292	696.6	-48.9	
14	Spectrogram 1	1	43.645318433	43.849759340	109.5	1020.8	0.204	911.3	-51.7	
15	Spectrogram 1	1	44.179502737	44.546617053	78.9	1033.9	0.367	955.1	-57.9	
16	Spectrogram 1	1	44.825799797	45.065413332	140.2	788.6	0.240	648.4	-56.7	
17	Spectrogram 1	1	45.098387672	45.344596075	144.6	810.5	0.246	665.9	-56.6	
18	Spectrogram 1	1	45.891970115	46.311843375	100.8	845.5	0.420	744.8	-55.0	
19	Spectrogram 1	1	46.107402469	46.366800608	109.5	744.8	0.259	635.3	-52.9	
20	Spectrogram 1	1	47.709471645	48.256845685	92.0	963.8	0.547	871.8	-56.9	
21	Spectrogram 1	1	50.157882209	50.459047846	70.1	1069.0	0.301	998.9	-55.0	
22	Spectrogram 1	1	50.852541633	51.089956880	92.0	1012.0	0.237	920.0	-52.9	
23	Spectrogram 1	1	51.129526087	51.613149737	96.4	915.6	0.484	819.3	-53.0	
24	Spectrogram 1	1	51.687891574	51.916513663	109.5	941.9	0.229	832.4	-52.1	
25	Spectrogram 1	1	52.228670746	52.389145866	96.4	775.5	0.160	679.1	-49.7	
26	Spectrogram 1	1	52.290439742	52.661950636	43.8	1007.6	0.372	963.8	-49.1	
27	Spectrogram 1	1	53.613809911	53.919372126	70.1	828.0	0.306	757.9	-52.4	
28	Spectrogram 1	1	55.129872095	55.378278788	127.1	933.2	0.248	806.1	-52.4	
29	Spectrogram 1	1	56.281775697	56.591734491	149.0	828.0	0.310	679.1	-54.0	
31	Spectrogram 1	1	57.826873360	58.013727952	70.1	937.6	0.187	867.5	-50.3	
32	Spectrogram 1	1	58.325885035	58.627050672	170.9	749.2	0.301	578.3	-52.7	
33	Spectrogram 1	1	59.299727203	59.484383506	74.5	876.2	0.185	801.7	-51.6	
34	Spectrogram 1	1	59.422831405	59.655850072	153.3	718.5	0.233	565.2	-47.9	
35	Spectrogram 1	1	59.695419280	59.880075583	131.4	552.0	0.185	420.6	-45.8	
36	Spectrogram 1	1	59.893265319	60.077921621	135.8	849.9	0.185	714.1	-49.9	
37	Spectrogram 1	1	60.510984617	60.664864869	113.9	779.8	0.154	665.9	-50.1	
38	Spectrogram 1	1	60.605511057	60.783572492	223.4	775.5	0.178	552.0	-50.4	
39	Spectrogram 1	1	60.988033945	61.216656034	83.2	639.6	0.229	556.4	-45.5	
40	Spectrogram 1	1	61.194673141	61.467261016	113.9	836.8	0.273	722.9	-43.6	
41	Spectrogram 1	1	61.717865998	61.944289798	201.5	731.6	0.226	530.1	-48.8	
42	Spectrogram 1	1	61.928901773	62.122351233	57.0	696.6	0.193	639.6	-44.2	
43	Spectrogram 1	1	62.091575182	62.344378454	70.1	679.1	0.253	609.0	-47.1	
44	Spectrogram 1	1	62.652383607	62.799668991	201.5	661.5	0.147	460.0	-47.8	
45	Spectrogram 1	1	62.786479255	62.982127004	105.1	740.4	0.196	635.3	-49.6	
46	Spectrogram 1	1	62.957945822	63.252516590	30.7	788.6	0.295	757.9	-49.7	
47	Spectrogram 1	1	63.303077244	63.562475384	192.8	845.5	0.259	652.8	-49.6	
48	Spectrogram 1	1	63.707562479	64.070280216	113.9	898.1	0.363	784.2	-51.2	
49	Spectrogram 1	1	64.294505727	64.564895313	52.6	771.1	0.270	718.5	-47.4	
50	Spectrogram 1	1	64.428601375	64.705585829	144.6	801.7	0.277	657.2	-48.8	
51	Spectrogram 1	1	64.639637149	64.892440421	140.2	775.5	0.253	635.3	-46.7	
52	Spectrogram 1	1	64.773732798	65.061708698	140.2	858.7	0.288	718.5	-48.9	
53	Spectrogram 1	1	65.333442731	65.570857977	153.3	841.2	0.237	687.8	-50.6	
54	Spectrogram 1	1	65.663186129	65.828057827	127.1	740.4	0.165	613.4	-52.0	
55	Spectrogram 1	1	65.803876645	66.021507287	109.5	701.0	0.218	591.4	-51.6	
56	Spectrogram 1	1	66.089654256	66.346854106	61.3	740.4	0.257	679.1	-51.3	
57	Spectrogram 1	1	66.382026735	66.626036850	96.4	727.3	0.244	630.9	-51.9	
58	Spectrogram 1	1	68.060744592	68.364108517	57.0	753.5	0.303	696.6	-48.0	
59	Spectrogram 1	1	68.168460768	68.368505096	100.8	661.5	0.200	560.8	-46.2	
60	Spectrogram 1	1	68.753205727	68.973034658	78.9	775.5	0.220	696.6	-44.9	
61	Spectrogram 1	1	68.849930456	69.043379916	65.7	609.0	0.193	543.3	-44.2	
62	Spectrogram 1	1	69.461054887	69.775410259	0.0	609.0	0.314	609.0	-46.4	
63	Spectrogram 1	1	69.760022234	70.010627216	57.0	683.4	0.251	626.5	-49.0	
64	Spectrogram 1	1	69.979851166	70.160110890	346.1	701.0	0.180	354.9	-46.8	
65	Spectrogram 1	1	70.080915660	70.377684718	52.6	639.6	0.297	587.1	-46.7	
66	Spectrogram 1	1	70.236994201	70.430443661	96.4	521.3	0.193	425.0	-44.6	
67	Spectrogram 1	1	70.362296692	70.593117071	78.9	622.1	0.231	543.3	-43.6	
68	Spectrogram 1	1	70.472211158	70.700833247	153.3	648.4	0.229	495.1	-43.5	
69	Spectrogram 1	1	70.637082857	70.911869022	166.5	810.5	0.275	644.0	-47.8	
70	Spectrogram 1	1	70.911869022	71.122904796	87.6	670.3	0.211	582.7	-44.4	
71	Spectrogram 1	1	71.056956117	71.285578206	127.1	657.2	0.229	530.1	-44.4	
72	Spectrogram 1	1	71.265793602	71.465837930	74.5	556.4	0.200	481.9	-44.9	
73	Spectrogram 1	1	71.402087540	71.621916471	140.2	639.6	0.220	499.4	-45.6	
74	Spectrogram 1	1	71.632907918	71.837348824	61.3	565.2	0.204	503.8	-45.5	
75	Spectrogram 1	1	71.771400145	72.037393152	109.5	674.7	0.266	565.2	-44.3	
76	Spectrogram 1	1	71.971444473	72.211058008	78.9	622.1	0.240	543.3	-47.1	
77	Spectrogram 1	1	72.164893933	72.331963921	149.0	565.2	0.167	416.2	-43.2	
78	Spectrogram 1	1	72.314320792	72.474795912	149.0	582.7	0.160	433.7	-42.2	
79	Spectrogram 1	1	72.437424994	72.613288139	87.6	644.0	0.176	556.4	-44.3	
80	Spectrogram 1	1	72.562727485	72.800142731	157.7	600.2	0.237	442.5	-44.0	
81	Spectrogram 1	1	72.791349574	73.052946002	131.4	683.4	0.262	552.0	-42.4	
82	Spectrogram 1	1	72.967212719	73.259585198	122.7	701.0	0.292	578.3	-43.7	
83	Spectrogram 1	1	73.360706507	73.600320042	92.0	530.1	0.240	438.1	-45.5	
84	Spectrogram 1	1	73.657475565	73.853123314	149.0	552.0	0.196	403.1	-44.6	
85	Spectrogram 1	1	73.745407137	73.963037780	35.0	595.8	0.218	560.8	-44.8	
86	Spectrogram 1	1	74.103728296	74.380712750	127.1	779.8	0.277	652.8	-45.1	
87	Spectrogram 1	1	74.896938379	75.101379286	43.8	565.2	0.204	521.3	-46.5	
88	Spectrogram 1	1	75.129957047	75.301423614	135.8	573.9	0.171	438.1	-47.8	
89	Spectrogram 1	1	75.347587689	75.499269652	135.8	578.3	0.152	442.5	-47.0	
90	Spectrogram 1	1	75.565218332	75.776254106	74.5	753.5	0.211	679.1	-47.2	
91	Spectrogram 1	1	75.969703566	76.222506838	74.5	565.2	0.253	490.7	-49.9	
92	Spectrogram 1	1	76.354145972	76.620138979	100.8	766.7	0.266	665.9	-49.2	
93	Spectrogram 1	1	76.536603985	76.730053445	127.1	626.5	0.193	499.4	-46.6	
94	Spectrogram 1	1	76.600354375	76.787208967	78.9	556.4	0.187	477.5	-44.4	
95	Spectrogram 1	1	76.714665420	76.861950804	122.7	538.9	0.147	416.2	-43.5	
96	Spectrogram 1	1	76.747639759	76.925701194	127.1	552.0	0.178	425.0	-44.1	
97	Spectrogram 1	1	76.837769621	77.024624213	109.5	552.0	0.187	442.5	-44.9	
98	Spectrogram 1	1	76.978460138	77.174107887	65.7	573.9	0.196	508.2	-41.0	
99	Spectrogram 1	1	77.398333397	77.670921273	35.0	556.4	0.273	521.3	-47.3	
100	Spectrogram 1	1	77.550015360	77.743464820	30.7	534.5	0.193	503.8	-44.4	
101	Spectrogram 1	1	77.776439160	77.945707437	153.3	534.5	0.169	381.2	-44.5	
102	Spectrogram 1	1	77.897345072	78.011656117	122.7	578.3	0.114	455.6	-44.3	
103	Spectrogram 1	1	77.972086909	78.174329526	87.6	530.1	0.202	442.5	-47.0	
104	Spectrogram 1	1	78.130363740	78.365580697	131.4	604.6	0.235	473.2	-45.4	
105	Spectrogram 1	1	78.512866081	78.730496723	61.3	600.2	0.218	538.9	-50.0	
106	Spectrogram 1	1	78.756876195	78.934937630	74.5	525.7	0.178	451.3	-43.7	
107	Spectrogram 1	1	78.983299995	79.198732348	65.7	578.3	0.215	512.6	-46.0	
108	Spectrogram 1	1	79.196534059	79.363604047	135.8	801.7	0.167	665.9	-47.5	
109	Spectrogram 1	1	79.368539429	79.570782046	78.9	657.2	0.202	578.3	-43.4	
110	Spectrogram 1	1	79.509229945	79.693886248	118.3	639.6	0.185	521.3	-43.8	
111	Spectrogram 1	1	79.612549543	79.838973342	92.0	722.9	0.226	630.9	-46.3	
112	Spectrogram 1	1	79.860956236	80.071992010	21.9	683.4	0.211	661.5	-46.5	
113	Spectrogram 1	1	80.195096212	80.359967911	78.9	731.6	0.165	652.8	-46.6	
114	Spectrogram 1	1	80.392942250	80.590788289	87.6	499.4	0.198	411.8	-42.3	
115	Spectrogram 1	1	80.494063559	80.628159207	78.9	560.8	0.134	481.9	-41.5	
116	Spectrogram 1	1	80.579796842	80.799625774	78.9	543.3	0.220	464.4	-44.4	
117	Spectrogram 1	1	80.740271963	80.940316290	149.0	622.1	0.200	473.2	-44.9	
118	Spectrogram 1	1	80.806220642	81.019454706	92.0	521.3	0.213	429.3	-45.4	
119	Spectrogram 1	1	81.107386278	81.228292191	140.2	644.0	0.121	503.8	-45.1	
120	Spectrogram 1	1	81.542647563	81.731700445	61.3	701.0	0.189	639.6	-46.8	
121	Spectrogram 1	1	81.793252545	82.019676345	105.1	740.4	0.226	635.3	-48.5	
122	Spectrogram 1	1	82.054848974	82.235108698	52.6	508.2	0.180	455.6	-45.7	
123	Spectrogram 1	1	82.691893240	82.942498222	223.4	753.5	0.251	530.1	-46.5	
124	Spectrogram 1	1	83.050214399	83.232672412	87.6	736.0	0.182	648.4	-47.4	
125	Spectrogram 1	1	83.252457016	83.423923583	127.1	722.9	0.171	595.8	-46.2	
126	Spectrogram 1	1	83.608579885	83.826210528	78.9	657.2	0.218	578.3	-44.8	
127	Spectrogram 1	1	83.791037899	84.046039460	105.1	670.3	0.255	565.2	-45.6	
128	Spectrogram 1	1	83.911943811	84.103194982	135.8	639.6	0.191	503.8	-44.2	
129	Spectrogram 1	1	84.030651434	84.301041020	48.2	749.2	0.270	701.0	-42.7	
130	Spectrogram 1	1	84.155953925	84.415352065	30.7	600.2	0.259	569.5	-39.3	
131	Spectrogram 1	1	84.397765750	84.760483488	30.7	753.5	0.363	722.9	-47.3	
132	Spectrogram 1	1	85.013286759	85.316650685	43.8	771.1	0.303	727.3	-45.6	
133	Spectrogram 1	1	85.435358308	85.738722234	118.3	705.4	0.303	587.1	-43.2	
134	Spectrogram 1	1	85.666401943	85.864247982	96.4	560.8	0.198	464.4	-45.1	
135	Spectrogram 1	1	86.248948612	86.503950173	100.8	683.4	0.255	582.7	-42.5	
136	Spectrogram 1	1	87.609689700	87.838311789	113.9	757.9	0.229	644.0	-46.8	
137	Spectrogram 1	1	87.691026405	87.897665600	113.9	617.7	0.207	503.8	-45.3	
138	Spectrogram 1	1	87.906458758	88.084520192	122.7	661.5	0.178	538.9	-48.0	
139	Spectrogram 1	1	88.605514761	88.774783038	149.0	674.7	0.169	525.7	-43.2	
140	Spectrogram 1	1	88.212020973	88.565945553	179.6	749.2	0.354	569.5	-49.2	
141	Spectrogram 1	1	88.748403566	89.029784599	131.4	714.1	0.281	582.7	-46.7	
142	Spectrogram 1	1	89.003405127	89.229828927	105.1	692.2	0.226	587.1	-43.7	
143	Spectrogram 1	1	89.183664851	89.363924575	131.4	543.3	0.180	411.8	-44.0	
144	Spectrogram 1	1	89.411231687	89.721190480	105.1	718.5	0.310	613.4	-48.8	
145	Spectrogram 1	1	90.024554406	90.275159388	149.0	683.4	0.251	534.5	-49.1	
146	Spectrogram 1	1	90.393867011	90.664256597	100.8	731.6	0.270	630.9	-44.8	
147	Spectrogram 1	1	90.701627516	90.917059869	149.0	793.0	0.215	644.0	-50.4	
148	Spectrogram 1	1	90.912521001	91.136746512	188.4	779.8	0.224	591.4	-48.8	
149	Spectrogram 1	1	90.894934687	91.198298612	140.2	661.5	0.303	521.3	-48.2	
150	Spectrogram 1	1	91.018038888	91.259850713	87.6	587.1	0.242	499.4	-49.3	
151	Spectrogram 1	1	91.204893480	91.468688199	52.6	604.6	0.264	552.0	-48.3	
152	Spectrogram 1	1	91.497265960	91.780845282	144.6	832.4	0.284	687.8	-52.6	
153	Spectrogram 1	1	91.712698313	91.954510138	105.1	736.0	0.242	630.9	-45.5	
154	Spectrogram 1	1	92.117183547	92.339210768	57.0	661.5	0.222	604.6	-44.2	
155	Spectrogram 1	1	92.497487599	92.855808758	65.7	801.7	0.358	736.0	-44.6	
156	Spectrogram 1	1	93.280078596	93.521890421	57.0	648.4	0.242	591.4	-45.9	
157	Spectrogram 1	1	93.385596483	93.708745013	92.0	648.4	0.323	556.4	-43.6	
158	Spectrogram 1	1	93.812064611	94.124221694	35.0	762.3	0.312	727.3	-48.3	
159	Spectrogram 1	1	94.623888108	94.815139279	144.6	696.6	0.191	552.0	-43.0	
160	Spectrogram 1	1	94.731604285	94.986605845	78.9	701.0	0.255	622.1	-38.7	
161	Spectrogram 1	1	95.265788589	95.560359357	43.8	775.5	0.295	731.6	-45.8	
162	Spectrogram 1	1	95.703248163	95.894499333	70.1	705.4	0.191	635.3	-45.7	
163	Spectrogram 1	1	95.940663409	96.081353925	149.0	670.3	0.141	521.3	-44.6	
164	Spectrogram 1	1	96.536399814	96.718857827	100.8	696.6	0.182	595.8	-48.7	
165	Spectrogram 1	1	96.793599664	97.118946483	83.2	692.2	0.325	609.0	-46.3	
166	Spectrogram 1	1	97.206878056	97.365154887	105.1	714.1	0.158	609.0	-51.0	
167	Spectrogram 1	1	97.628949605	97.837787090	39.4	648.4	0.209	609.0	-44.1	
168	Spectrogram 1	1	97.738864071	97.879554587	78.9	530.1	0.141	451.3	-40.9	
169	Spectrogram 1	1	98.062034446	98.240095881	65.7	530.1	0.178	464.4	-46.0	
170	Spectrogram 1	1	98.303846271	98.453329945	83.2	600.2	0.149	517.0	-46.3	
171	Spectrogram 1	1	98.488502574	98.820444261	144.6	893.7	0.332	749.2	-44.2	
172	Spectrogram 1	1	98.936953595	99.121609897	26.3	674.7	0.185	648.4	-45.6	
173	Spectrogram 1	1	99.115015029	99.528293421	39.4	604.6	0.413	565.2	-46.6	
174	Spectrogram 1	1	100.176788770	100.469161249	214.7	806.1	0.292	591.4	-53.0	
175	Spectrogram 1	1	100.598860318	100.856060169	65.7	753.5	0.257	687.8	-47.7	
176	Spectrogram 1	1	100.875844772	101.089078836	35.0	644.0	0.213	609.0	-50.9	
177	Spectrogram 1	1	101.741318332	102.031492522	100.8	801.7	0.290	701.0	-55.8	
178	Spectrogram 1	1	101.914983188	102.213950535	87.6	644.0	0.299	556.4	-55.4	
179	Spectrogram 1	1	103.153763109	103.441739010	109.5	705.4	0.288	595.8	-48.0	
180	Spectrogram 1	1	103.309841651	103.512084268	109.5	727.3	0.202	617.7	-43.3	
181	Spectrogram 1	1	103.443937299	103.685749124	83.2	573.9	0.242	490.7	-41.4	
182	Spectrogram 1	1	103.676955967	103.969328446	96.4	674.7	0.292	578.3	-44.6	
183	Spectrogram 1	1	104.239718032	104.472736700	65.7	714.1	0.233	648.4	-46.4	
184	Spectrogram 1	1	104.872251584	105.364668391	57.0	968.2	0.492	911.3	-49.7	
185	Spectrogram 1	1	106.140664520	106.523166861	39.4	1069.0	0.383	1029.6	-53.7	
186	Spectrogram 1	1	107.661001706	108.089668122	78.9	1213.6	0.429	1134.7	-58.8	
187	Spectrogram 1	1	108.681432617	109.237599814	105.1	1095.3	0.556	990.1	-59.0	
188	Spectrogram 1	1	110.244416321	110.560969983	179.6	1012.0	0.317	832.4	-53.7	
189	Spectrogram 1	1	112.634495612	112.999411639	184.0	1047.1	0.365	863.1	-58.8	
190	Spectrogram 1	1	113.027989400	113.469845553	157.7	1270.5	0.442	1112.8	-54.6	
191	Spectrogram 1	1	116.429763259	116.974939010	232.2	1358.1	0.545	1125.9	-62.7	
192	Spectrogram 1	1	120.526196543	120.796586129	179.6	1222.3	0.270	1042.7	-67.5	
193	Spectrogram 1	1	124.029120371	124.448993630	219.1	1397.6	0.420	1178.5	-68.1	
194	Spectrogram 1	1	125.642664730	126.124090090	166.5	1292.4	0.481	1125.9	-65.4	
