Selection	View	Channel	Begin Time (s)	End Time (s)	Low Freq (Hz)	High Freq (Hz)	Delta Time (s)	Delta Freq (Hz)	Avg Power Density (dB FS)	Annotation
1	Spectrogram 1	1	27.238141160	28.027706040	20.8	1336.6	0.790	1315.8	-51.8	
2	Spectrogram 1	1	44.550544836	45.049084200	62.3	1267.3	0.499	1205.0	-42.9	
3	Spectrogram 1	1	53.219536733	53.596604577	34.6	1045.7	0.377	1011.1	-51.5	
4	Spectrogram 1	1	65.759373956	65.903621386	48.5	761.8	0.144	713.3	-50.2	
5	Spectrogram 1	1	74.064190016	74.555137410	207.8	1163.4	0.491	955.7	-48.0	
6	Spectrogram 1	1	77.272242019	77.500001119	152.4	644.0	0.228	491.7	-62.2	
7	Spectrogram 1	1	85.919703863	86.091788517	83.1	782.5	0.172	699.4	-51.0	
8	Spectrogram 1	1	86.739636623	87.020539514	76.2	664.8	0.281	588.6	-53.9	
9	Spectrogram 1	1	91.133355574	91.743243830	90.0	893.4	0.610	803.3	-52.0	
