Selection	View	Channel	Begin Time (s)	End Time (s)	Low Freq (Hz)	High Freq (Hz)	Delta Time (s)	Delta Freq (Hz)	Avg Power Density (dB FS)	Annotation
1	Spectrogram 1	1	11.895491357	13.249747297	136.0	1057.4	1.354	921.5	-55.6	
2	Spectrogram 1	1	38.377381173	38.755596796	83.1	913.9	0.378	830.8	-59.5	
3	Spectrogram 1	1	40.185591588	40.636611251	60.4	1271.1	0.451	1210.7	-60.2	
4	Spectrogram 1	1	42.974544262	43.263550742	106.8	886.6	0.289	779.7	-57.9	
5	Spectrogram 1	1	44.070549131	44.419945024	149.5	1121.5	0.349	972.0	-60.9	
6	Spectrogram 1	1	44.721892092	45.114423280	74.8	737.0	0.393	662.2	-54.2	
7	Spectrogram 1	1	46.721997979	46.847090336	53.4	822.5	0.125	769.1	-46.9	
8	Spectrogram 1	1	47.507060356	47.701169185	74.8	715.7	0.194	640.9	-55.1	
9	Spectrogram 1	1	47.964294487	48.231733319	53.4	737.0	0.267	683.6	-56.9	
10	Spectrogram 1	1	50.704881987	50.946439641	128.2	886.6	0.242	758.4	-53.3	
11	Spectrogram 1	1	52.590483717	52.974387847	117.5	1100.2	0.384	982.7	-58.9	
12	Spectrogram 1	1	55.270387143	55.511944798	138.9	843.8	0.242	705.0	-55.9	
13	Spectrogram 1	1	56.422099531	56.542878358	64.1	416.6	0.121	352.5	-62.0	
14	Spectrogram 1	1	58.389069001	58.609059008	53.4	843.8	0.220	790.4	-56.4	
15	Spectrogram 1	1	59.023157844	59.273342557	42.7	651.6	0.250	608.8	-51.6	
16	Spectrogram 1	1	59.460099558	59.662835446	74.8	598.2	0.203	523.4	-54.2	
17	Spectrogram 1	1	59.270304258	59.382456026	106.8	491.3	0.112	384.5	-56.9	
18	Spectrogram 1	1	59.654208387	59.826749569	181.6	694.3	0.173	512.7	-48.9	
19	Spectrogram 1	1	59.917333689	60.068307223	170.9	726.3	0.151	555.4	-47.5	
20	Spectrogram 1	1	60.167518403	60.637693123	128.2	619.5	0.470	491.3	-41.1	
21	Spectrogram 1	1	60.896504895	61.056105488	106.8	811.8	0.160	705.0	-50.3	
22	Spectrogram 1	1	62.673214167	62.940652999	128.2	822.5	0.267	694.3	-55.4	
23	Spectrogram 1	1	66.074604895	66.225578429	170.9	854.5	0.151	683.6	-52.7	
24	Spectrogram 1	1	68.761933799	68.960356158	170.9	715.7	0.198	544.7	-47.4	
25	Spectrogram 1	1	70.119471147	70.348088213	170.9	619.5	0.229	448.6	-49.1	
26	Spectrogram 1	1	72.233100622	72.414268863	64.1	608.8	0.181	544.7	-50.2	
27	Spectrogram 1	1	72.698961812	72.923265348	160.2	705.0	0.224	544.7	-49.3	
28	Spectrogram 1	1	73.074901790	73.238815912	117.5	694.3	0.164	576.8	-47.1	
29	Spectrogram 1	1	74.157597704	74.407782418	117.5	790.4	0.250	672.9	-46.8	
30	Spectrogram 1	1	76.666101284	76.814918053	186.9	656.9	0.149	470.0	-45.2	
31	Spectrogram 1	1	76.763155698	76.916285997	165.6	587.5	0.153	421.9	-43.3	
32	Spectrogram 1	1	77.198822182	77.364893069	101.5	571.5	0.166	470.0	-47.5	
33	Spectrogram 1	1	77.334698363	77.515866603	154.9	683.6	0.181	528.7	-47.0	
34	Spectrogram 1	1	78.337593981	78.466999867	245.7	699.6	0.129	454.0	-48.8	
35	Spectrogram 1	1	79.648383161	79.779945812	144.2	608.8	0.132	464.6	-42.2	
36	Spectrogram 1	1	80.122871411	80.284628768	208.3	608.8	0.162	400.6	-50.7	
37	Spectrogram 1	1	80.476580833	80.713824958	138.9	624.9	0.237	486.0	-51.5	
38	Spectrogram 1	1	81.171783156	81.352951397	160.2	603.5	0.181	443.3	-48.1	
39	Spectrogram 1	1	81.853320823	82.015078181	197.6	544.7	0.162	347.1	-49.2	
40	Spectrogram 1	1	81.984883474	82.157424656	154.9	539.4	0.173	384.5	-43.1	
41	Spectrogram 1	1	82.474469077	82.640539964	106.8	576.8	0.166	470.0	-46.0	
42	Spectrogram 1	1	82.562896433	82.713869967	106.8	491.3	0.151	384.5	-44.1	
43	Spectrogram 1	1	82.892881443	83.069736154	80.1	550.1	0.177	470.0	-44.1	
44	Spectrogram 1	1	85.006634177	85.118785945	122.8	608.8	0.112	486.0	-46.3	
45	Spectrogram 1	1	86.169130388	86.345985099	186.9	672.9	0.177	486.0	-49.2	
46	Spectrogram 1	1	86.477547750	86.660872756	112.2	646.2	0.183	534.1	-49.8	
47	Spectrogram 1	1	87.174151955	87.368260784	101.5	523.4	0.194	421.9	-44.4	
48	Spectrogram 1	1	87.661580793	87.765105502	224.3	646.2	0.104	421.9	-50.5	
49	Spectrogram 1	1	87.784516385	87.926862859	245.7	582.1	0.142	336.5	-47.1	
50	Spectrogram 1	1	87.931176389	88.138225807	112.2	539.4	0.207	427.3	-48.0	
51	Spectrogram 1	1	88.690357588	88.826233769	213.6	721.0	0.136	507.4	-44.0	
52	Spectrogram 1	1	90.546885263	90.803540270	96.1	688.9	0.257	592.8	-54.9	
53	Spectrogram 1	1	91.146465869	91.319007050	154.9	587.5	0.173	432.6	-49.3	
54	Spectrogram 1	1	92.285052775	92.468377780	267.0	656.9	0.183	389.9	-51.8	
55	Spectrogram 1	1	92.826400732	93.065801622	85.5	624.9	0.239	539.4	-53.7	
56	Spectrogram 1	1	93.437073253	93.777842087	106.8	640.9	0.341	534.1	-51.2	
57	Spectrogram 1	1	94.053907977	94.358011810	165.6	640.9	0.304	475.3	-48.6	
58	Spectrogram 1	1	94.373109163	94.621137112	122.8	747.7	0.248	624.9	-51.6	
59	Spectrogram 1	1	94.539180050	94.806618882	64.1	619.5	0.267	555.4	-47.6	
60	Spectrogram 1	1	94.774267410	95.065430654	154.9	801.1	0.291	646.2	-51.6	
61	Spectrogram 1	1	95.780459775	95.991822722	58.7	672.9	0.211	614.2	-38.9	
62	Spectrogram 1	1	97.335641189	97.600923255	133.5	726.3	0.265	592.8	-46.0	
63	Spectrogram 1	1	97.990619803	98.387464520	101.5	747.7	0.397	646.2	-47.8	
64	Spectrogram 1	1	98.978418067	99.265267782	48.1	758.4	0.287	710.3	-51.0	
65	Spectrogram 1	1	99.239540619	99.506979451	197.6	806.4	0.267	608.8	-53.2	
66	Spectrogram 1	1	100.227985882	100.445819124	85.5	683.6	0.218	598.2	-47.5	
67	Spectrogram 1	1	107.779558784	107.949943201	85.5	688.9	0.170	603.5	-52.3	
68	Spectrogram 1	1	108.571091454	108.823432933	128.2	988.0	0.252	859.9	-54.9	
69	Spectrogram 1	1	111.957073503	112.267647630	101.5	881.2	0.311	779.7	-54.3	
70	Spectrogram 1	1	116.226343141	116.489468443	85.5	827.8	0.263	742.4	-51.4	
71	Spectrogram 1	1	127.035247151	127.337194219	16.0	822.5	0.302	806.4	-56.2	
