Selection	View	Channel	Begin Time (s)	End Time (s)	Low Freq (Hz)	High Freq (Hz)	Delta Time (s)	Delta Freq (Hz)	Avg Power Density (dB FS)	Annotation
1	Spectrogram 1	1	1.069749132	1.505413092	63.9	702.8	0.436	639.0	-53.0	
2	Spectrogram 1	1	31.821810290	32.089247573	85.2	697.5	0.267	612.3	-55.0	
3	Spectrogram 1	1	37.093649544	37.369713836	63.9	713.5	0.276	649.6	-54.1	
4	Spectrogram 1	1	37.343832809	37.568135046	117.1	633.6	0.224	516.5	-51.6	
5	Spectrogram 1	1	37.572448551	37.943409943	197.0	788.0	0.371	591.0	-49.4	
6	Spectrogram 1	1	38.145192859	38.434197664	165.1	654.9	0.289	489.9	-49.8	
7	Spectrogram 1	1	42.167708548	42.530042931	149.1	756.1	0.362	607.0	-56.0	
8	Spectrogram 1	1	43.548030008	43.918991400	85.2	969.1	0.371	883.9	-58.5	
9	Spectrogram 1	1	46.061652366	46.363597686	90.5	942.5	0.302	851.9	-62.8	
10	Spectrogram 1	1	49.132867615	49.706563722	191.7	1134.1	0.574	942.5	-58.9	
11	Spectrogram 1	1	54.267949946	54.518133211	298.2	766.7	0.250	468.6	-52.3	
12	Spectrogram 1	1	54.384414570	54.776943485	111.8	729.5	0.393	617.7	-54.8	
13	Spectrogram 1	1	56.006292285	56.242719252	95.8	766.7	0.236	670.9	-54.5	
14	Spectrogram 1	1	56.743901566	56.953394493	234.3	873.2	0.209	639.0	-47.8	
16	Spectrogram 1	1	57.548165616	57.758623091	352.3	1223.3	0.210	871.1	-58.1	
17	Spectrogram 1	1	58.530300498	58.817010681	64.0	762.2	0.287	698.1	-52.3	
18	Spectrogram 1	1	61.197161117	61.364917075	390.7	1197.7	0.168	807.0	-58.2	
19	Spectrogram 1	1	62.853369938	63.011975571	70.5	704.5	0.159	634.1	-51.7	
20	Spectrogram 1	1	63.286494672	63.451200522	249.8	653.3	0.165	403.5	-46.4	
21	Spectrogram 1	1	63.478651497	63.634207022	224.2	640.5	0.156	416.3	-51.2	
22	Spectrogram 1	1	66.783297092	67.112708792	134.5	877.5	0.329	743.0	-44.3	
23	Spectrogram 1	1	68.033841507	68.296150823	70.5	781.4	0.262	710.9	-46.0	
24	Spectrogram 1	1	68.860420863	69.064778121	64.0	710.9	0.204	646.9	-50.1	
25	Spectrogram 1	1	69.107479638	69.415540579	57.6	666.1	0.308	608.5	-49.0	
26	Spectrogram 1	1	69.706991342	70.005901958	83.3	768.6	0.299	685.3	-48.3	
27	Spectrogram 1	1	71.024638139	71.326598863	76.9	646.9	0.302	570.0	-44.3	
28	Spectrogram 1	1	71.479104280	71.634659804	198.6	749.4	0.156	550.8	-46.0	
29	Spectrogram 1	1	71.549256771	71.784115112	83.3	685.3	0.235	602.1	-47.2	
30	Spectrogram 1	1	73.511854703	73.880917810	96.1	800.6	0.369	704.5	-53.2	
31	Spectrogram 1	1	73.905318677	74.185928643	147.3	839.0	0.281	691.7	-56.7	
32	Spectrogram 1	1	74.286582218	74.564142076	179.3	864.7	0.278	685.3	-46.9	
33	Spectrogram 1	1	75.205197803	75.415655278	96.1	486.8	0.210	390.7	-52.1	
34	Spectrogram 1	1	76.812604892	77.126766050	38.4	659.7	0.314	621.3	-48.4	
35	Spectrogram 1	1	77.637301108	77.884359883	96.1	775.0	0.247	678.9	-50.2	
36	Spectrogram 1	1	78.012464433	78.177170282	57.6	595.7	0.165	538.0	-47.4	
37	Spectrogram 1	1	78.164969849	78.375427324	217.8	698.1	0.210	480.4	-43.1	
38	Spectrogram 1	1	78.265623424	78.457780248	64.0	512.4	0.192	448.3	-42.4	
39	Spectrogram 1	1	78.680438156	78.826843356	326.7	640.5	0.146	313.8	-48.3	
40	Spectrogram 1	1	78.799392381	78.964098231	211.4	698.1	0.165	486.8	-51.6	
41	Spectrogram 1	1	79.177605814	79.452115563	64.0	608.5	0.275	544.4	-50.5	
42	Spectrogram 1	1	80.001135062	80.187191670	115.3	659.7	0.186	544.4	-52.0	
43	Spectrogram 1	1	80.184141562	80.382398603	121.7	736.6	0.198	614.9	-51.9	
44	Spectrogram 1	1	80.834558923	81.054166723	32.0	525.2	0.220	493.2	-48.4	
45	Spectrogram 1	1	81.045016398	81.270724414	76.9	518.8	0.226	441.9	-48.3	
46	Spectrogram 1	1	81.865495538	82.100353879	32.0	544.4	0.235	512.4	-45.7	
47	Spectrogram 1	1	84.698109280	85.082422929	57.6	743.0	0.384	685.3	-56.4	
48	Spectrogram 1	1	85.597891236	85.863250661	140.9	871.1	0.265	730.2	-49.6	
49	Spectrogram 1	1	85.887761826	86.473382625	153.7	1056.8	0.586	903.1	-46.1	
50	Spectrogram 1	1	87.342663498	87.601922706	108.9	685.3	0.259	576.4	-46.9	
51	Spectrogram 1	1	90.176122538	90.475033154	64.0	749.4	0.299	685.3	-50.9	
52	Spectrogram 1	1	90.773943770	91.100305361	51.2	614.9	0.326	563.6	-46.7	
53	Spectrogram 1	1	91.968750288	92.151756787	179.3	749.4	0.183	570.0	-42.9	
54	Spectrogram 1	1	92.157857004	92.362214262	140.9	627.7	0.204	486.8	-44.3	
55	Spectrogram 1	1	92.331713179	92.590972386	134.5	717.4	0.259	582.9	-44.7	
56	Spectrogram 1	1	92.764828561	92.993586686	102.5	794.2	0.229	691.7	-49.7	
57	Spectrogram 1	1	93.556919832	93.773477523	70.5	595.7	0.217	525.2	-49.4	
58	Spectrogram 1	1	93.938183373	94.200492689	70.5	717.4	0.262	646.9	-51.0	
59	Spectrogram 1	1	94.624457746	94.776963163	160.1	730.2	0.153	570.0	-47.3	
60	Spectrogram 1	1	94.825764896	95.024021937	147.3	736.6	0.198	589.3	-43.3	
61	Spectrogram 1	1	95.322932553	95.646244036	51.2	794.2	0.323	743.0	-50.7	
62	Spectrogram 1	1	95.981755952	96.289816893	70.5	871.1	0.308	800.6	-48.0	
63	Spectrogram 1	1	97.764186183	97.913641491	192.1	698.1	0.149	506.0	-42.9	
64	Spectrogram 1	1	97.809937808	97.989894199	121.7	634.1	0.180	512.4	-43.0	
65	Spectrogram 1	1	97.944142574	98.130199182	140.9	582.9	0.186	441.9	-45.4	
66	Spectrogram 1	1	98.078347341	98.307105465	121.7	666.1	0.229	544.4	-44.6	
67	Spectrogram 1	1	98.462660990	98.663968140	57.6	653.3	0.201	595.7	-43.6	
68	Spectrogram 1	1	98.639567273	98.871375506	35.6	614.9	0.232	579.2	-42.5	
69	Spectrogram 1	1	98.828673989	99.057432114	108.9	672.5	0.229	563.6	-46.2	
70	Spectrogram 1	1	99.417344896	99.630852479	102.5	608.5	0.214	506.0	-49.8	
72	Spectrogram 1	1	100.288104995	100.477211711	78.4	734.2	0.189	655.8	-47.2	
73	Spectrogram 1	1	100.858475252	101.029281318	235.2	662.9	0.171	427.7	-46.4	
74	Spectrogram 1	1	101.206187601	101.495947892	71.3	719.9	0.290	648.7	-46.4	
75	Spectrogram 1	1	102.359872837	102.594731178	149.7	712.8	0.235	563.1	-53.7	
76	Spectrogram 1	1	104.144296507	104.333403224	149.7	762.7	0.189	613.0	-50.8	
77	Spectrogram 1	1	104.504209290	104.787869364	14.3	613.0	0.284	598.8	-53.5	
78	Spectrogram 1	1	104.827520773	105.016627489	185.3	627.3	0.189	441.9	-50.4	
79	Spectrogram 1	1	105.750555392	105.994564059	121.2	819.7	0.244	698.6	-52.5	
80	Spectrogram 1	1	108.442018853	108.664676761	42.8	798.3	0.223	755.6	-48.3	
81	Spectrogram 1	1	111.137800338	111.448911387	114.0	869.6	0.311	755.6	-54.5	
82	Spectrogram 1	1	111.833225036	112.129085544	57.0	891.0	0.296	834.0	-53.9	
83	Spectrogram 1	1	115.589497973	115.827406423	142.6	748.4	0.238	605.9	-50.2	
84	Spectrogram 1	1	116.492330038	116.772940004	185.3	648.7	0.281	463.3	-50.9	
85	Spectrogram 1	1	118.322193077	118.511299793	99.8	584.5	0.189	484.7	-53.2	
86	Spectrogram 1	1	118.514349901	118.733957701	249.5	734.2	0.220	484.7	-53.5	
87	Spectrogram 1	1	122.245275726	122.748543600	42.8	1233.2	0.503	1190.4	-54.7	
88	Spectrogram 1	1	125.345040436	125.765955385	57.0	848.2	0.421	791.2	-54.9	
