Selection	View	Channel	Begin Time (s)	End Time (s)	Low Freq (Hz)	High Freq (Hz)	Delta Time (s)	Delta Freq (Hz)	Avg Power Density (dB FS)	Annotation
1	Spectrogram 1	1	0.478865713	0.747274521	67.8	805.7	0.268	737.9	-51.0	
2	Spectrogram 1	1	1.076685330	1.287142236	233.4	700.3	0.210	466.9	-53.9	
3	Spectrogram 1	1	10.031706348	10.263513954	165.7	783.1	0.232	617.4	-56.0	
4	Spectrogram 1	1	34.194885651	34.429743357	113.0	798.2	0.235	685.2	-51.0	
5	Spectrogram 1	1	35.299021881	35.555230288	90.4	775.6	0.256	685.2	-59.1	
6	Spectrogram 1	1	35.881067371	36.085424077	113.0	813.3	0.204	700.3	-53.7	
7	Spectrogram 1	1	36.161676579	36.393484185	75.3	866.0	0.232	790.7	-55.2	
8	Spectrogram 1	1	37.494570316	37.674526221	113.0	519.6	0.180	406.6	-63.3	
9	Spectrogram 1	1	39.899014191	40.213174500	150.6	745.5	0.314	594.9	-59.4	
10	Spectrogram 1	1	41.363062232	41.628420939	165.7	707.8	0.265	542.1	-59.2	
11	Spectrogram 1	1	41.841927945	42.092036152	165.7	640.1	0.250	474.4	-57.1	
12	Spectrogram 1	1	42.577002065	42.747807670	67.8	677.7	0.171	609.9	-50.2	
13	Spectrogram 1	1	44.237846093	44.558106602	97.9	903.6	0.320	805.7	-59.8	
14	Spectrogram 1	1	45.485337028	45.711044434	82.8	790.7	0.226	707.9	-53.5	
15	Spectrogram 1	1	46.025204743	46.287513350	135.5	820.8	0.262	685.3	-53.8	
16	Spectrogram 1	1	46.604723759	46.851781866	67.8	760.5	0.247	692.7	-52.9	
17	Spectrogram 1	1	47.785121844	48.084031652	67.8	956.3	0.299	888.5	-56.8	
18	Spectrogram 1	1	49.508428391	49.904941402	67.8	948.8	0.397	881.0	-56.0	
19	Spectrogram 1	1	49.972043604	50.277053613	75.3	835.8	0.305	760.5	-51.6	
20	Spectrogram 1	1	51.410753953	51.660862160	195.8	813.3	0.250	617.5	-52.3	
21	Spectrogram 1	1	52.938854095	53.176761902	97.9	677.7	0.238	579.8	-53.5	
22	Spectrogram 1	1	52.136677773	52.496589583	60.2	504.5	0.360	444.3	-53.6	
23	Spectrogram 1	1	53.229780568	53.467688375	67.8	700.3	0.238	632.5	-49.9	
24	Spectrogram 1	1	53.723896782	53.984680339	60.2	670.2	0.261	610.0	-44.3	
25	Spectrogram 1	1	55.364850628	55.544806533	105.0	677.5	0.180	572.5	-50.8	
26	Spectrogram 1	1	55.538706333	55.697311537	190.8	667.9	0.159	477.1	-48.3	
27	Spectrogram 1	1	55.822514807	56.090923615	143.1	667.9	0.268	524.8	-50.2	
28	Spectrogram 1	1	56.780246234	56.960202139	124.0	563.0	0.180	439.0	-44.0	
29	Spectrogram 1	1	56.981552839	57.146258244	229.0	658.4	0.165	429.4	-50.9	
30	Spectrogram 1	1	57.475669053	57.637324358	105.0	591.6	0.162	486.6	-39.2	
31	Spectrogram 1	1	57.589218780	57.778324986	133.6	553.4	0.189	419.8	-42.9	
32	Spectrogram 1	1	57.711222784	57.830176687	76.3	543.9	0.119	467.6	-42.2	
33	Spectrogram 1	1	57.769174685	57.924729790	114.5	687.0	0.156	572.5	-44.5	
34	Spectrogram 1	1	58.321242801	58.550000307	57.3	715.6	0.229	658.3	-47.1	
35	Spectrogram 1	1	58.415795903	58.598801908	114.5	677.5	0.183	563.0	-46.0	
36	Spectrogram 1	1	58.580501308	58.769607513	85.9	639.3	0.189	553.4	-45.9	
37	Spectrogram 1	1	58.659803910	58.845860015	133.6	610.7	0.186	477.1	-43.3	
38	Spectrogram 1	1	58.769607513	58.919062417	190.8	629.8	0.149	439.0	-43.2	
39	Spectrogram 1	1	58.836709715	58.964813919	181.3	505.7	0.128	324.4	-42.8	
40	Spectrogram 1	1	59.297274828	59.471130533	57.3	534.4	0.174	477.1	-47.8	
41	Spectrogram 1	1	60.050649549	60.258056354	162.2	601.1	0.207	438.9	-48.2	
42	Spectrogram 1	1	60.834635569	61.045092475	105.0	601.1	0.210	496.1	-43.5	
43	Spectrogram 1	1	61.523122244	61.660376748	95.4	572.5	0.137	477.1	-43.5	
44	Spectrogram 1	1	61.611575147	61.742729450	200.4	591.6	0.131	391.2	-45.7	
45	Spectrogram 1	1	61.715278549	61.883034054	105.0	563.0	0.168	458.0	-42.3	
46	Spectrogram 1	1	61.837282553	61.953186356	133.6	553.4	0.116	419.8	-41.8	
47	Spectrogram 1	1	61.980637257	62.078240460	334.0	687.0	0.098	353.0	-46.7	
48	Spectrogram 1	1	62.084340660	62.239895764	209.9	648.9	0.156	439.0	-42.8	
49	Spectrogram 1	1	62.261246465	62.392400768	257.6	734.7	0.131	477.1	-41.4	
50	Spectrogram 1	1	62.343599167	62.471703371	334.0	715.6	0.128	381.6	-45.1	
51	Spectrogram 1	1	62.401551069	62.575406773	229.0	772.9	0.174	543.9	-47.8	
52	Spectrogram 1	1	62.572356673	62.727911778	152.7	620.2	0.156	467.5	-40.2	
53	Spectrogram 1	1	62.703510977	62.895667282	171.8	572.5	0.192	400.7	-35.1	
54	Spectrogram 1	1	62.962769484	63.151875689	105.0	553.4	0.189	448.4	-42.7	
55	Spectrogram 1	1	61.068657332	61.205911835	133.6	648.9	0.137	515.3	-47.0	
56	Spectrogram 1	1	60.492188415	60.598941918	286.3	811.1	0.107	524.8	-48.3	
57	Spectrogram 1	1	63.071948451	63.236653856	133.6	534.4	0.165	400.8	-39.6	
58	Spectrogram 1	1	63.172601754	63.331206958	133.6	486.6	0.159	353.0	-43.1	
59	Spectrogram 1	1	63.538613764	63.694168869	105.0	563.0	0.156	458.0	-43.4	
60	Spectrogram 1	1	63.639267067	63.758220970	162.2	696.6	0.119	534.4	-41.3	
61	Spectrogram 1	1	63.709419369	63.837523573	162.2	610.7	0.128	448.5	-38.6	
62	Spectrogram 1	1	63.800922372	63.886325174	267.2	572.5	0.085	305.3	-38.1	
63	Spectrogram 1	1	63.922926375	64.148633781	95.4	639.3	0.226	543.9	-43.1	
64	Spectrogram 1	1	64.206585683	64.426192889	162.2	725.2	0.220	563.0	-39.3	
65	Spectrogram 1	1	64.499395291	64.645800095	248.1	725.2	0.146	477.1	-49.2	
66	Spectrogram 1	1	64.636649795	64.786104699	76.3	448.5	0.149	372.2	-48.9	
67	Spectrogram 1	1	65.100265008	65.237519511	133.6	667.9	0.137	534.3	-46.9	
68	Spectrogram 1	1	65.237519511	65.362573615	133.6	601.1	0.125	467.5	-43.8	
69	Spectrogram 1	1	65.307671813	65.423575617	200.4	648.9	0.116	448.5	-45.1	
70	Spectrogram 1	1	65.525184514	65.790543221	133.6	667.9	0.265	534.3	-42.5	
71	Spectrogram 1	1	65.634988117	65.821044222	57.3	553.4	0.186	496.1	-41.0	
72	Spectrogram 1	1	65.741741620	65.878996124	248.1	591.6	0.137	343.5	-42.4	
73	Spectrogram 1	1	65.799693522	65.955248626	200.4	591.6	0.156	391.2	-42.5	
74	Spectrogram 1	1	65.872895924	66.052851829	162.2	563.0	0.180	400.8	-40.4	
75	Spectrogram 1	1	65.964398926	66.080302729	57.3	534.4	0.116	477.1	-40.8	
76	Spectrogram 1	1	66.089453030	66.296859835	114.5	753.8	0.207	639.3	-45.3	
77	Spectrogram 1	1	66.165705532	66.339561237	229.0	648.9	0.174	419.9	-43.2	
78	Spectrogram 1	1	66.269408935	66.431064239	181.3	687.0	0.162	505.7	-42.5	
79	Spectrogram 1	1	66.360911937	66.507316741	143.1	696.6	0.146	553.5	-43.2	
80	Spectrogram 1	1	66.656771645	66.812326750	190.8	763.4	0.156	572.6	-48.3	
81	Spectrogram 1	1	66.876378852	67.056334757	162.2	639.3	0.180	477.1	-39.7	
82	Spectrogram 1	1	67.288142363	67.486398869	95.4	582.1	0.198	486.7	-44.1	
83	Spectrogram 1	1	67.413196467	67.562651371	105.0	563.0	0.149	458.0	-41.7	
84	Spectrogram 1	1	67.489448969	67.654154373	162.2	553.4	0.165	391.2	-41.9	
85	Spectrogram 1	1	67.568751571	67.702955975	152.7	543.9	0.134	391.2	-41.2	
86	Spectrogram 1	1	67.681605274	67.806659377	171.8	477.1	0.125	305.3	-41.2	
87	Spectrogram 1	1	67.779208477	67.928663381	66.8	477.1	0.149	410.3	-40.8	
88	Spectrogram 1	1	67.974414882	68.117769586	133.6	572.5	0.143	438.9	-48.6	
89	Spectrogram 1	1	68.084218485	68.279424891	105.0	667.9	0.195	562.9	-40.8	
90	Spectrogram 1	1	68.527962218	68.656066422	124.0	734.7	0.128	610.7	-42.6	
91	Spectrogram 1	1	68.576763820	68.750619525	85.9	610.7	0.174	524.8	-40.1	
92	Spectrogram 1	1	68.674367023	68.814671626	133.6	553.4	0.140	419.8	-41.0	
93	Spectrogram 1	1	68.881773828	69.043429133	133.6	496.2	0.162	362.6	-44.6	
94	Spectrogram 1	1	69.086130534	69.198984237	124.0	543.9	0.113	419.9	-41.1	
95	Spectrogram 1	1	69.186783837	69.339288841	209.9	639.3	0.153	429.4	-41.8	
96	Spectrogram 1	1	69.284387039	69.439942144	85.9	496.2	0.156	410.3	-40.2	
97	Spectrogram 1	1	69.470443145	69.604647548	143.1	486.6	0.134	343.5	-38.0	
98	Spectrogram 1	1	69.586346948	69.741902052	114.5	582.1	0.156	467.6	-38.8	
99	Spectrogram 1	1	69.827304855	69.961509258	76.3	467.6	0.134	391.3	-40.5	
100	Spectrogram 1	1	69.988960159	70.162815864	143.1	563.0	0.174	419.9	-45.5	
101	Spectrogram 1	1	70.190266765	70.327521268	124.0	486.6	0.137	362.6	-41.8	
102	Spectrogram 1	1	70.503912798	70.702169304	28.6	438.9	0.198	410.3	-40.5	
103	Spectrogram 1	1	70.818073107	70.946177311	305.3	610.7	0.128	305.4	-41.4	
104	Spectrogram 1	1	70.842473908	70.988878712	105.0	477.1	0.146	372.1	-40.0	
105	Spectrogram 1	1	71.022429813	71.162734417	181.3	496.2	0.140	314.9	-42.8	
106	Spectrogram 1	1	71.089532015	71.245087119	162.2	534.4	0.156	372.2	-41.1	
107	Spectrogram 1	1	71.220686318	71.412842624	95.4	543.9	0.192	448.5	-40.1	
108	Spectrogram 1	1	71.428093124	71.534846627	143.1	534.4	0.107	391.3	-45.8	
109	Spectrogram 1	1	71.507395726	71.675151231	162.2	629.8	0.168	467.6	-44.2	
110	Spectrogram 1	1	71.656850630	71.797155234	171.8	534.4	0.140	362.6	-40.9	
111	Spectrogram 1	1	71.778854634	71.943560038	143.1	591.6	0.165	448.5	-40.4	
112	Spectrogram 1	1	71.974061039	72.099115143	133.6	591.6	0.125	458.0	-41.0	
113	Spectrogram 1	1	72.224169246	72.330922749	85.9	572.5	0.107	486.6	-44.7	
114	Spectrogram 1	1	72.318722349	72.489527954	143.1	505.7	0.171	362.6	-40.7	
115	Spectrogram 1	1	72.486477854	72.638982858	152.7	534.4	0.153	381.7	-37.2	
116	Spectrogram 1	1	72.587131156	72.754886661	66.8	477.1	0.168	410.3	-39.1	
117	Spectrogram 1	1	72.821988863	72.980594067	143.1	620.2	0.159	477.1	-40.3	
118	Spectrogram 1	1	72.916541966	73.062946770	143.1	534.4	0.146	391.3	-39.1	
119	Spectrogram 1	1	73.151399672	73.258153175	133.6	601.1	0.107	467.5	-38.4	
120	Spectrogram 1	1	73.408875992	73.582731697	114.5	477.1	0.174	362.6	-37.9	
121	Spectrogram 1	1	73.723036300	73.878591405	152.7	534.4	0.156	381.7	-36.4	
122	Spectrogram 1	1	73.909092406	74.040246709	95.4	524.8	0.131	429.4	-38.4	
123	Spectrogram 1	1	74.113449111	74.275104416	152.7	496.2	0.162	343.5	-42.5	
124	Spectrogram 1	1	74.226302814	74.366607418	162.2	582.1	0.140	419.9	-42.2	
125	Spectrogram 1	1	74.857673532	74.970527235	324.4	715.6	0.113	391.2	-43.4	
126	Spectrogram 1	1	75.037629437	75.162683540	143.1	467.6	0.125	324.5	-38.7	
127	Spectrogram 1	1	75.135232640	75.251136443	238.5	620.2	0.116	381.7	-36.8	
128	Spectrogram 1	1	75.278587344	75.400591347	133.6	582.1	0.122	448.5	-38.3	
129	Spectrogram 1	1	75.391441047	75.583597352	181.3	610.7	0.192	429.4	-37.6	
130	Spectrogram 1	1	75.659849854	75.775753658	162.2	582.1	0.116	419.9	-43.5	
131	Spectrogram 1	1	75.708651456	75.894707561	143.1	572.5	0.186	429.4	-42.6	
132	Spectrogram 1	1	75.921010261	76.076565366	152.7	572.5	0.156	419.8	-38.0	
133	Spectrogram 1	1	76.033863965	76.155867968	28.6	505.7	0.122	477.1	-40.9	
134	Spectrogram 1	1	76.213819870	76.348024273	181.3	601.1	0.134	419.8	-34.2	
135	Spectrogram 1	1	76.360224674	76.512729678	76.3	486.6	0.153	410.3	-40.1	
136	Spectrogram 1	1	76.424276775	76.601182580	124.0	524.8	0.177	400.8	-39.6	
137	Spectrogram 1	1	76.485278777	76.668284782	95.4	486.6	0.183	391.2	-40.1	
138	Spectrogram 1	1	76.659134482	76.832990187	152.7	534.4	0.174	381.7	-38.3	
139	Spectrogram 1	1	76.790288786	76.942793790	190.8	582.1	0.153	391.3	-40.2	
140	Spectrogram 1	1	77.192901997	77.296605400	143.1	610.7	0.104	467.6	-36.5	
141	Spectrogram 1	1	77.028196592	77.150200596	162.2	610.7	0.122	448.5	-47.1	
142	Spectrogram 1	1	77.269154499	77.388108402	171.8	591.6	0.119	419.8	-37.5	
143	Spectrogram 1	1	77.339306801	77.476561305	114.5	524.8	0.137	410.3	-38.0	
144	Spectrogram 1	1	77.433859904	77.568064307	124.0	534.4	0.134	410.4	-35.7	
145	Spectrogram 1	1	77.497912005	77.638216609	171.8	572.5	0.140	400.7	-36.7	
146	Spectrogram 1	1	77.879174516	78.010328820	168.7	404.8	0.131	236.1	-40.8	
147	Spectrogram 1	1	78.010328820	78.120132423	229.4	512.8	0.110	283.4	-41.1	
148	Spectrogram 1	1	78.135729579	78.219842691	229.4	526.3	0.084	296.9	-34.4	
149	Spectrogram 1	1	78.252193887	78.347090731	249.6	533.0	0.095	283.4	-38.5	
150	Spectrogram 1	1	78.401009393	78.515316955	222.7	533.0	0.114	310.3	-37.9	
151	Spectrogram 1	1	78.439830829	78.588646334	121.4	485.8	0.149	364.4	-36.0	
152	Spectrogram 1	1	78.892747584	79.013525385	229.4	485.8	0.121	256.4	-41.2	
153	Spectrogram 1	1	78.957449978	79.138616680	181.3	505.7	0.181	324.4	-40.5	
154	Spectrogram 1	1	79.125676201	79.289588931	238.5	601.1	0.164	362.6	-38.3	
155	Spectrogram 1	1	79.207632566	79.324096875	219.5	496.2	0.116	276.7	-38.8	
156	Spectrogram 1	1	79.276648453	79.427620704	209.9	572.5	0.151	362.6	-39.2	
157	Spectrogram 1	1	79.324096875	79.500950084	190.8	543.9	0.177	353.1	-41.0	
158	Spectrogram 1	1	79.492323098	79.621727885	162.2	572.5	0.129	410.3	-41.6	
159	Spectrogram 1	1	79.634668364	79.772700137	219.5	610.7	0.138	391.2	-36.6	
160	Spectrogram 1	1	79.703684250	79.884850953	133.6	563.0	0.181	429.4	-36.2	
161	Spectrogram 1	1	79.906418417	80.074644640	190.8	591.6	0.168	400.8	-37.4	
162	Spectrogram 1	1	80.074644640	80.225616892	181.3	543.9	0.151	362.6	-38.3	
163	Spectrogram 1	1	80.165227991	80.324827229	143.1	505.7	0.160	362.6	-38.7	
164	Spectrogram 1	1	79.936612867	80.083271626	28.6	295.8	0.147	267.2	-32.1	
165	Spectrogram 1	1	80.342081201	80.432664552	143.1	515.3	0.091	372.2	-43.3	
166	Spectrogram 1	1	80.424037566	80.518934410	105.0	448.5	0.095	343.5	-40.5	
167	Spectrogram 1	1	80.518934410	80.669906662	133.6	448.5	0.151	314.9	-42.0	
168	Spectrogram 1	1	80.807938435	80.963224179	286.3	591.6	0.155	305.3	-45.1	
169	Spectrogram 1	1	80.980478151	81.096942459	238.5	620.2	0.116	381.7	-41.7	
170	Spectrogram 1	1	80.933683129	81.037386532	236.2	573.5	0.104	337.3	-42.3	
171	Spectrogram 1	1	81.159390536	81.281394539	60.7	553.3	0.122	492.6	-42.0	
172	Spectrogram 1	1	81.202091937	81.333246240	134.9	560.0	0.131	425.1	-40.4	
173	Spectrogram 1	1	81.308845440	81.458300344	114.7	553.3	0.149	438.6	-41.2	
174	Spectrogram 1	1	81.461350444	81.650456649	215.9	566.8	0.189	350.9	-40.8	
175	Spectrogram 1	1	81.537602946	81.690107950	195.7	526.3	0.153	330.6	-40.0	
176	Spectrogram 1	1	81.644356449	81.815162054	290.1	647.7	0.171	357.6	-40.5	
177	Spectrogram 1	1	81.665707150	81.851763255	155.2	533.0	0.186	377.8	-40.4	
178	Spectrogram 1	1	81.848713155	81.973767258	229.4	593.8	0.125	364.4	-41.7	
179	Spectrogram 1	1	81.955466658	82.199474665	87.7	647.7	0.244	560.0	-43.9	
180	Spectrogram 1	1	82.193374464	82.403831370	168.7	614.0	0.210	445.3	-39.5	
181	Spectrogram 1	1	82.428232171	82.592937575	188.9	587.0	0.165	398.1	-43.9	
182	Spectrogram 1	1	82.592937575	82.785093881	121.4	593.8	0.192	472.4	-38.7	
183	Spectrogram 1	1	82.848209091	82.973263194	94.5	539.8	0.125	445.3	-35.9	
184	Spectrogram 1	1	82.912261193	83.046465596	101.2	499.3	0.134	398.1	-35.6	
185	Spectrogram 1	1	82.988513695	83.101367398	148.4	512.8	0.113	364.4	-39.8	
186	Spectrogram 1	1	83.107467598	83.250822302	188.9	512.8	0.143	323.9	-37.7	
187	Spectrogram 1	1	83.247772202	83.455179008	54.0	506.0	0.207	452.0	-41.3	
188	Spectrogram 1	1	83.595483612	83.738838316	209.2	593.8	0.143	384.6	-36.2	
189	Spectrogram 1	1	83.543631910	83.604633912	182.2	587.0	0.061	404.8	-40.7	
190	Spectrogram 1	1	83.754088816	83.909643920	168.7	708.5	0.156	539.8	-38.8	
191	Spectrogram 1	1	83.799840317	83.955395422	134.9	546.5	0.156	411.6	-37.6	
192	Spectrogram 1	1	83.882193020	84.117050726	27.0	580.3	0.235	553.3	-40.6	
193	Spectrogram 1	1	84.092649925	84.281756131	222.7	654.5	0.189	431.8	-41.6	
194	Spectrogram 1	1	84.257355330	84.358008633	168.7	593.8	0.101	425.1	-38.0	
195	Spectrogram 1	1	84.327507632	84.486112836	161.9	479.1	0.159	317.2	-40.3	
196	Spectrogram 1	1	84.486112836	84.565415439	87.7	580.3	0.079	492.6	-38.4	
197	Spectrogram 1	1	84.565415439	84.622504022	101.2	600.5	0.057	499.3	-40.0	
198	Spectrogram 1	1	84.669952444	84.767006035	94.5	661.2	0.097	566.7	-42.5	
199	Spectrogram 1	1	85.059645643	85.152385740	202.4	641.0	0.093	438.6	-39.8	
200	Spectrogram 1	1	85.139445262	85.253752824	209.2	681.5	0.114	472.3	-36.5	
201	Spectrogram 1	1	85.245125838	85.309828232	229.4	485.8	0.065	256.4	-35.3	
202	Spectrogram 1	1	85.340022682	85.428449286	168.7	499.3	0.088	330.6	-38.9	
203	Spectrogram 1	1	85.428449286	85.529816370	161.9	560.0	0.101	398.1	-34.9	
204	Spectrogram 1	1	85.516875891	85.648437425	175.4	580.3	0.132	404.9	-36.7	
205	Spectrogram 1	1	85.663534650	85.792939437	222.7	600.5	0.129	377.8	-39.1	
206	Spectrogram 1	1	85.726080297	85.846858098	175.4	553.3	0.121	377.9	-37.5	
207	Spectrogram 1	1	85.805879916	85.969792646	155.2	499.3	0.164	344.1	-39.7	
208	Spectrogram 1	1	85.909403746	86.060375997	121.4	506.0	0.151	384.6	-40.6	
209	Spectrogram 1	1	86.010770829	86.155272841	148.4	593.8	0.145	445.4	-37.8	
210	Spectrogram 1	1	86.084100208	86.219975235	94.5	506.0	0.136	411.5	-37.0	
211	Spectrogram 1	1	86.373335314	86.539404791	74.2	539.8	0.166	465.6	-39.1	
212	Spectrogram 1	1	86.623517903	86.772333408	141.7	512.8	0.149	371.1	-41.5	
213	Spectrogram 1	1	86.789587380	86.938402885	155.2	627.5	0.149	472.3	-38.7	
214	Spectrogram 1	1	86.899581449	87.013889011	168.7	512.8	0.114	344.1	-40.0	
215	Spectrogram 1	1	87.093688630	87.253287867	108.0	546.5	0.160	438.5	-39.6	
216	Spectrogram 1	1	87.005262025	87.130353319	209.2	695.0	0.125	485.8	-44.7	
217	Spectrogram 1	1	87.248974374	87.440924809	108.0	533.0	0.192	425.0	-41.0	
218	Spectrogram 1	1	87.568172849	87.721301848	67.5	499.3	0.153	431.8	-42.5	
219	Spectrogram 1	1	87.807463883	88.014511542	94.5	634.2	0.207	539.7	-36.9	
220	Spectrogram 1	1	87.891576995	88.087840922	87.7	600.5	0.196	512.8	-37.6	
221	Spectrogram 1	1	88.107251640	88.335866764	60.7	499.3	0.229	438.6	-38.1	
222	Spectrogram 1	1	88.316456046	88.454487819	121.4	526.3	0.138	404.9	-41.4	
223	Spectrogram 1	1	88.448017579	88.620557296	155.2	587.0	0.173	431.8	-39.3	
224	Spectrogram 1	1	88.547227916	88.706827154	94.5	546.5	0.160	452.0	-38.8	
225	Spectrogram 1	1	88.687416436	88.840545434	134.9	533.0	0.153	398.1	-39.1	
226	Spectrogram 1	1	88.877210124	89.026025629	101.2	607.2	0.149	506.0	-35.8	
227	Spectrogram 1	1	88.928972039	89.097198262	128.2	485.8	0.168	357.6	-34.9	
228	Spectrogram 1	1	89.099355008	89.237386781	114.7	506.0	0.138	391.3	-42.2	
229	Spectrogram 1	1	89.230916542	89.356007836	215.9	688.2	0.125	472.3	-44.9	
230	Spectrogram 1	1	89.396986019	89.535017792	108.0	620.7	0.138	512.7	-46.0	
231	Spectrogram 1	1	89.660109086	89.795984113	175.4	519.5	0.136	344.1	-45.2	
232	Spectrogram 1	1	89.819677507	90.000844209	182.2	573.5	0.181	391.3	-42.9	
233	Spectrogram 1	1	89.916731098	90.067703350	114.7	553.3	0.151	438.6	-39.2	
234	Spectrogram 1	1	89.974963252	90.141032729	128.2	546.5	0.166	418.3	-36.4	
235	Spectrogram 1	1	90.018098181	90.190637897	47.2	546.5	0.173	499.3	-37.1	
236	Spectrogram 1	1	90.074173589	90.238086319	87.7	499.3	0.164	411.6	-38.7	
237	Spectrogram 1	1	90.156129954	90.332983163	101.2	526.3	0.177	425.1	-42.0	
238	Spectrogram 1	1	90.337296656	90.492582401	121.4	492.5	0.155	371.1	-42.2	
239	Spectrogram 1	1	90.458074458	90.587479245	229.4	728.7	0.129	499.3	-44.8	
240	Spectrogram 1	1	90.585322498	90.723354271	215.9	560.0	0.138	344.1	-41.9	
241	Spectrogram 1	1	90.662965371	90.844132073	60.7	587.0	0.181	526.3	-40.1	
242	Spectrogram 1	1	90.783743172	90.951969395	236.2	627.5	0.168	391.3	-38.9	
243	Spectrogram 1	1	90.928245184	91.085687675	33.7	668.0	0.157	634.3	-43.2	
244	Spectrogram 1	1	90.975693606	91.159017055	101.2	587.0	0.183	485.8	-38.2	
245	Spectrogram 1	1	91.038239253	91.221562702	60.7	600.5	0.183	539.8	-38.6	
246	Spectrogram 1	1	91.217249209	91.318616292	195.7	519.5	0.101	323.8	-41.6	
247	Spectrogram 1	1	91.320773039	91.504096487	114.7	573.5	0.183	458.8	-39.9	
248	Spectrogram 1	1	91.471745291	91.611933810	74.2	553.3	0.140	479.1	-39.4	
249	Spectrogram 1	1	91.560171895	91.708987400	128.2	587.0	0.149	458.8	-36.2	
250	Spectrogram 1	1	91.624874289	91.756435822	94.5	533.0	0.132	438.5	-36.5	
251	Spectrogram 1	1	91.702517161	91.868586638	114.7	573.5	0.166	458.8	-36.8	
252	Spectrogram 1	1	91.728398119	91.928975539	20.2	600.5	0.201	580.3	-38.0	
253	Spectrogram 1	1	91.941916017	92.073477551	108.0	546.5	0.132	438.5	-33.9	
254	Spectrogram 1	1	91.965640228	92.105828748	47.2	485.8	0.140	438.6	-33.7	
255	Spectrogram 1	1	92.099358508	92.226606549	236.2	641.0	0.127	404.8	-39.8	
256	Spectrogram 1	1	92.095045016	92.271898225	87.7	492.5	0.177	404.8	-40.2	
257	Spectrogram 1	1	92.230658144	92.448489536	108.0	546.5	0.218	438.5	-39.8	
258	Spectrogram 1	1	92.530445901	92.668477674	87.7	580.3	0.138	492.6	-39.4	
259	Spectrogram 1	1	92.610245520	92.772001504	87.7	539.8	0.162	452.1	-40.5	
260	Spectrogram 1	1	92.849644376	92.981205910	67.5	580.3	0.132	512.8	-46.6	
261	Spectrogram 1	1	93.028654332	93.149432133	108.0	546.5	0.121	438.5	-40.8	
262	Spectrogram 1	1	93.089043233	93.229231752	81.0	492.5	0.140	411.5	-38.4	
263	Spectrogram 1	1	93.303285192	93.486608641	81.0	485.8	0.183	404.8	-38.2	
264	Spectrogram 1	1	93.396025290	93.546997541	67.5	438.6	0.151	371.1	-36.8	
265	Spectrogram 1	1	93.462884430	93.618170174	74.2	472.3	0.155	398.1	-36.8	
266	Spectrogram 1	1	93.579348738	93.723850751	33.7	445.3	0.145	411.6	-42.6	
267	Spectrogram 1	1	93.730320990	93.896390467	27.0	600.5	0.166	573.5	-44.3	
268	Spectrogram 1	1	93.935211903	94.030108747	155.2	560.0	0.095	404.8	-42.3	
269	Spectrogram 1	1	94.049519465	94.200491717	168.7	492.5	0.151	323.8	-41.4	
270	Spectrogram 1	1	94.226372674	94.373031433	87.7	519.5	0.147	431.8	-40.8	
271	Spectrogram 1	1	94.357934208	94.450674305	47.2	512.8	0.093	465.6	-39.6	
272	Spectrogram 1	1	94.476555263	94.569295360	242.9	512.8	0.093	269.9	-44.5	
273	Spectrogram 1	1	94.545571149	94.646938233	161.9	425.1	0.101	263.2	-35.9	
274	Spectrogram 1	1	94.560668374	94.694386655	81.0	499.3	0.134	418.3	-36.4	
275	Spectrogram 1	1	94.998303013	95.121237561	249.6	627.5	0.123	377.9	-42.0	
276	Spectrogram 1	1	95.060848660	95.181626462	276.6	600.5	0.121	323.9	-39.0	
277	Spectrogram 1	1	95.129864547	95.259269334	276.6	661.2	0.129	384.6	-37.3	
278	Spectrogram 1	1	95.144961772	95.326128474	168.7	553.3	0.181	384.6	-38.4	
279	Spectrogram 1	1	95.233388377	95.418868572	155.2	614.0	0.185	458.8	-38.6	
280	Spectrogram 1	1	95.356322925	95.515922162	188.9	587.0	0.160	398.1	-41.1	
281	Spectrogram 1	1	95.684148385	95.787672215	182.2	641.0	0.104	458.8	-39.9	
282	Spectrogram 1	1	95.755321018	95.889039298	87.7	526.3	0.134	438.6	-37.5	
283	Spectrogram 1	1	95.960211931	96.096086958	175.4	647.7	0.136	472.3	-38.6	
284	Spectrogram 1	1	96.016287339	96.139221887	134.9	620.7	0.123	485.8	-36.8	
285	Spectrogram 1	1	96.070206001	96.188827055	121.4	526.3	0.119	404.9	-36.5	
286	Spectrogram 1	1	96.333329068	96.520966009	13.5	506.0	0.188	492.5	-43.9	
287	Spectrogram 1	1	96.467047348	96.624489839	60.7	512.8	0.157	452.1	-42.1	
288	Spectrogram 1	1	96.624489839	96.775462091	81.0	600.5	0.151	519.5	-41.6	
289	Spectrogram 1	1	96.685602800	96.812850841	114.7	533.0	0.127	418.3	-38.7	
290	Spectrogram 1	1	96.763245673	96.892650460	108.0	512.8	0.129	404.8	-35.6	
291	Spectrogram 1	1	96.864612756	96.991860797	209.2	573.5	0.127	364.3	-37.8	
292	Spectrogram 1	1	96.983233811	97.095384627	202.4	539.8	0.112	337.4	-36.8	
293	Spectrogram 1	1	97.024211994	97.166557259	54.0	539.8	0.142	485.8	-39.2	
294	Spectrogram 1	1	97.116952091	97.263610850	134.9	641.0	0.147	506.1	-39.4	
295	Spectrogram 1	1	97.209692189	97.332626736	209.2	647.7	0.123	438.5	-40.2	
296	Spectrogram 1	1	97.237729892	97.401642623	215.9	587.0	0.164	371.1	-38.5	
297	Spectrogram 1	1	97.347723962	97.462031524	310.4	728.7	0.114	418.3	-39.5	
298	Spectrogram 1	1	97.423210087	97.617317268	222.7	627.5	0.194	404.8	-41.3	
299	Spectrogram 1	1	97.433993820	97.638884733	74.2	519.5	0.205	445.3	-42.0	
300	Spectrogram 1	1	97.613003775	97.746722055	249.6	782.7	0.134	533.1	-41.0	
301	Spectrogram 1	1	97.649668465	97.785543492	114.7	600.5	0.136	485.8	-38.2	
302	Spectrogram 1	1	97.671235930	97.854559378	67.5	674.7	0.183	607.2	-40.0	
303	Spectrogram 1	1	97.813581195	97.971023687	148.4	587.0	0.157	438.6	-41.7	
304	Spectrogram 1	1	97.927888757	98.128466178	74.2	620.7	0.201	546.5	-44.0	
305	Spectrogram 1	1	97.983964165	98.175914600	148.4	573.5	0.192	425.1	-44.7	
306	Spectrogram 1	1	98.078861009	98.238460247	161.9	566.8	0.160	404.9	-46.0	
307	Spectrogram 1	1	98.208265796	98.352767809	60.7	519.5	0.145	458.8	-44.7	
308	Spectrogram 1	1	98.288065415	98.436880920	20.2	533.0	0.149	512.8	-40.7	
309	Spectrogram 1	1	98.346297569	98.540404750	81.0	607.2	0.194	526.2	-40.1	
310	Spectrogram 1	1	98.503740060	98.691377002	27.0	506.0	0.188	479.0	-42.2	
311	Spectrogram 1	1	98.665804133	98.808149398	161.9	566.8	0.142	404.9	-40.9	
312	Spectrogram 1	1	98.704625569	98.859911313	128.2	506.0	0.155	377.8	-40.4	
313	Spectrogram 1	1	98.834030356	98.961278397	74.2	539.8	0.127	465.6	-44.1	
314	Spectrogram 1	1	98.952651411	99.047548255	229.4	539.8	0.095	310.4	-37.2	
315	Spectrogram 1	1	98.995786340	99.140288352	128.2	573.5	0.145	445.3	-35.2	
316	Spectrogram 1	1	99.073429212	99.224401464	101.2	553.3	0.151	452.1	-35.6	
317	Spectrogram 1	1	99.474584052	99.582421375	101.2	553.3	0.108	452.1	-41.1	
318	Spectrogram 1	1	99.537129700	99.662220994	128.2	674.7	0.125	546.5	-41.7	
319	Spectrogram 1	1	99.599675347	99.729080134	249.6	600.5	0.129	350.9	-42.5	
320	Spectrogram 1	1	99.698885684	99.910246836	108.0	634.2	0.211	526.2	-39.1	
321	Spectrogram 1	1	99.871425400	100.069846074	87.7	695.0	0.198	607.3	-43.9	
322	Spectrogram 1	1	100.205721100	100.363163591	54.0	539.8	0.157	485.8	-43.1	
323	Spectrogram 1	1	100.312464641	100.465593640	114.7	654.5	0.153	539.8	-44.8	
324	Spectrogram 1	1	100.433242443	100.577744455	242.9	580.3	0.145	337.4	-43.9	
325	Spectrogram 1	1	100.532452780	100.713619482	67.5	499.3	0.181	431.8	-39.2	
326	Spectrogram 1	1	100.817143311	100.937921113	121.4	634.2	0.121	512.8	-42.9	
327	Spectrogram 1	1	100.888315944	101.047915182	108.0	661.2	0.160	553.2	-39.2	
328	Spectrogram 1	1	100.957331831	101.093206857	81.0	587.0	0.136	506.0	-38.3	
329	Spectrogram 1	1	101.071639393	101.196730687	161.9	600.5	0.125	438.6	-39.7	
330	Spectrogram 1	1	101.138498533	101.304568010	128.2	701.7	0.166	573.5	-38.3	
331	Spectrogram 1	1	101.231238630	101.390837868	175.4	627.5	0.160	452.1	-38.0	
332	Spectrogram 1	1	101.416718825	101.567691077	94.5	627.5	0.151	533.0	-41.9	
333	Spectrogram 1	1	101.462010501	101.615139499	101.2	580.3	0.153	479.1	-41.0	
334	Spectrogram 1	1	101.604355767	101.744544286	256.4	748.9	0.140	492.5	-42.1	
335	Spectrogram 1	1	101.675528400	101.854538355	114.7	600.5	0.179	485.8	-43.2	
336	Spectrogram 1	1	101.817873666	101.930024481	155.2	627.5	0.112	472.3	-41.4	
337	Spectrogram 1	1	101.889046299	102.037861804	182.2	668.0	0.149	485.8	-42.3	
338	Spectrogram 1	1	101.998516572	102.166742796	114.7	566.8	0.168	452.1	-41.4	
339	Spectrogram 1	1	102.434179356	102.595935340	188.9	641.0	0.162	452.1	-45.0	
340	Spectrogram 1	1	102.548486918	102.682205198	195.7	661.2	0.134	465.5	-45.8	
341	Spectrogram 1	1	102.589465100	102.727496873	108.0	506.0	0.138	398.0	-43.6	
342	Spectrogram 1	1	102.813766732	102.992776687	202.4	742.2	0.179	539.8	-44.3	
343	Spectrogram 1	1	102.884939365	103.040225109	195.7	620.7	0.155	425.0	-41.7	
344	Spectrogram 1	1	102.981992955	103.117867981	236.2	614.0	0.136	377.8	-44.1	
345	Spectrogram 1	1	103.191197361	103.424125978	94.5	492.5	0.233	398.0	-47.9	
346	Spectrogram 1	1	103.419812485	103.549217272	94.5	607.2	0.129	512.7	-38.5	
347	Spectrogram 1	1	103.501768850	103.635487130	182.2	587.0	0.134	404.8	-38.0	
348	Spectrogram 1	1	103.609606173	103.719600242	175.4	546.5	0.110	371.1	-41.6	
349	Spectrogram 1	1	103.676465313	103.805870100	108.0	546.5	0.129	438.5	-42.0	
350	Spectrogram 1	1	103.756264932	103.885669719	229.4	533.0	0.129	303.6	-41.7	
351	Spectrogram 1	1	103.920177662	104.056052689	74.2	533.0	0.136	458.8	-44.4	
352	Spectrogram 1	1	103.974096323	104.140165800	33.7	526.3	0.166	492.6	-40.3	
353	Spectrogram 1	1	104.174072941	104.361709883	188.9	560.0	0.188	371.1	-40.3	
354	Spectrogram 1	1	104.281910264	104.458763473	74.2	546.5	0.177	472.3	-43.3	
355	Spectrogram 1	1	104.415628544	104.564444049	101.2	566.8	0.149	465.6	-38.0	
356	Spectrogram 1	1	104.521309120	104.620519457	222.7	580.3	0.099	357.6	-35.8	
357	Spectrogram 1	1	104.534249599	104.715416301	175.4	634.2	0.181	458.8	-37.6	
358	Spectrogram 1	1	104.605422232	104.814626638	175.4	580.3	0.209	404.9	-39.3	
359	Spectrogram 1	1	105.041085016	105.209311239	182.2	742.2	0.168	560.0	-46.8	
360	Spectrogram 1	1	105.123041381	105.291267604	87.7	708.5	0.168	620.8	-47.2	
361	Spectrogram 1	1	105.440083109	105.623406558	249.6	769.2	0.183	519.6	-41.9	
362	Spectrogram 1	1	105.543606939	105.701049430	121.4	647.7	0.157	526.3	-38.8	
363	Spectrogram 1	1	105.759173762	105.942497210	128.2	654.5	0.183	526.3	-42.0	
364	Spectrogram 1	1	105.974848407	106.153858363	114.7	614.0	0.179	499.3	-46.5	
365	Spectrogram 1	1	106.078372237	106.283263150	148.4	539.8	0.205	391.4	-42.3	
366	Spectrogram 1	1	106.382473487	106.522662006	94.5	620.7	0.140	526.2	-44.1	
367	Spectrogram 1	1	106.658537033	106.772844595	121.4	553.3	0.114	431.9	-43.2	
368	Spectrogram 1	1	106.785785073	106.882838664	310.4	701.7	0.097	391.3	-47.3	
369	Spectrogram 1	1	106.828920002	106.945384311	168.7	593.8	0.116	425.1	-47.1	
370	Spectrogram 1	1	106.964795029	107.089886323	229.4	647.7	0.125	418.3	-48.8	
371	Spectrogram 1	1	107.208507378	107.402614559	134.9	607.2	0.194	472.3	-47.0	
372	Spectrogram 1	1	107.475943938	107.620445951	81.0	573.5	0.145	492.5	-43.1	
373	Spectrogram 1	1	107.547116571	107.726126527	87.7	485.8	0.179	398.1	-41.0	
374	Spectrogram 1	1	107.823180117	107.980622608	134.9	587.0	0.157	452.1	-46.9	
375	Spectrogram 1	1	108.297272464	108.517260602	101.2	641.0	0.220	539.8	-54.2	
376	Spectrogram 1	1	108.534514574	108.679016586	94.5	748.9	0.145	654.4	-50.1	
377	Spectrogram 1	1	108.704897544	108.931355921	114.7	816.4	0.226	701.7	-48.3	
378	Spectrogram 1	1	109.084484920	109.244084157	134.9	701.7	0.160	566.8	-43.1	
379	Spectrogram 1	1	109.142717074	109.293689326	81.0	641.0	0.151	560.0	-43.0	
380	Spectrogram 1	1	109.386429423	109.515834210	209.2	796.2	0.129	587.0	-42.2	
381	Spectrogram 1	1	109.451131817	109.604260815	222.7	668.0	0.153	445.3	-42.4	
382	Spectrogram 1	1	110.588045254	110.732547266	40.5	789.4	0.145	748.9	-44.9	
383	Spectrogram 1	1	113.113564534	113.357276883	128.2	991.8	0.244	863.6	-52.4	
384	Spectrogram 1	1	113.674318612	113.874896032	33.7	668.0	0.201	634.3	-51.0	
385	Spectrogram 1	1	116.966699923	117.210412272	256.4	978.3	0.244	721.9	-59.8	
386	Spectrogram 1	1	118.155067219	118.506616891	101.2	883.9	0.352	782.7	-58.2	
387	Spectrogram 1	1	127.877895931	128.123765026	303.6	1214.5	0.246	910.9	-54.2	
