Selection	View	Channel	Begin Time (s)	End Time (s)	Low Freq (Hz)	High Freq (Hz)	Delta Time (s)	Delta Freq (Hz)	Avg Power Density (dB FS)	Annotation
1	Spectrogram 1	1	23.951198906	25.020388705	174.2	2899.8	1.069	2725.7	-58.1	
2	Spectrogram 1	1	28.176786984	28.893980141	69.7	1262.7	0.717	1193.0	-63.3	
3	Spectrogram 1	1	39.728392483	40.265187362	69.7	1184.3	0.537	1114.7	-56.1	
4	Spectrogram 1	1	45.082780477	45.663574935	121.9	1271.4	0.581	1149.5	-64.6	
5	Spectrogram 1	1	45.848373172	46.464367294	43.5	1175.6	0.616	1132.1	-61.1	
6	Spectrogram 1	1	50.390387236	51.349578084	235.1	1715.5	0.959	1480.4	-52.6	
7	Spectrogram 1	1	51.793973843	52.555166581	174.2	1463.0	0.761	1288.8	-50.9	
8	Spectrogram 1	1	53.895589209	54.529183163	104.5	1262.7	0.634	1158.2	-64.8	
9	Spectrogram 1	1	55.413574725	55.774371283	104.5	1175.6	0.361	1071.1	-62.6	
