Selection	View	Channel	Begin Time (s)	End Time (s)	Low Freq (Hz)	High Freq (Hz)	Delta Time (s)	Delta Freq (Hz)	Avg Power Density (dB FS)	Annotation
1	Spectrogram 1	1	8.350040594	9.331231232	130.6	1497.8	0.981	1367.2	-52.5	
2	Spectrogram 1	1	9.463229973	10.066024221	191.6	1732.9	0.603	1541.4	-54.1	
3	Spectrogram 1	1	19.149587320	20.302376320	87.1	2342.5	1.153	2255.4	-56.1	
4	Spectrogram 1	1	32.900423130	33.358018764	104.5	1271.4	0.458	1166.9	-54.5	
5	Spectrogram 1	1	33.014822038	33.608816371	95.8	1280.1	0.594	1184.3	-55.0	
6	Spectrogram 1	1	33.305219267	33.723215279	130.6	949.2	0.418	818.6	-56.8	
7	Spectrogram 1	1	34.374409066	34.814404868	43.5	905.7	0.440	862.1	-58.6	
8	Spectrogram 1	1	41.508001761	42.194395212	34.8	1158.2	0.686	1123.4	-61.1	
9	Spectrogram 1	1	43.479182953	44.183176236	296.1	1837.4	0.704	1541.4	-52.4	
10	Spectrogram 1	1	44.693571367	45.379964817	34.8	1358.5	0.686	1323.6	-60.6	
11	Spectrogram 1	1	46.350787613	46.953581862	104.5	1332.4	0.603	1227.9	-58.9	
12	Spectrogram 1	1	47.270378839	47.899572836	174.2	1210.4	0.629	1036.3	-62.3	
13	Spectrogram 1	1	52.927989587	53.557183583	235.1	1193.0	0.629	957.9	-57.0	
14	Spectrogram 1	1	53.218386816	53.389985179	78.4	801.2	0.172	722.8	-50.5	
15	Spectrogram 1	1	53.653982660	54.151177916	156.7	1166.9	0.497	1010.2	-59.5	
16	Spectrogram 1	1	54.384375691	54.921170569	69.7	1027.6	0.537	957.9	-63.0	
17	Spectrogram 1	1	55.655963558	55.937560871	69.7	801.2	0.282	731.5	-61.1	
18	Spectrogram 1	1	55.950770821	56.307167420	121.9	931.8	0.356	809.9	-61.8	
19	Spectrogram 1	1	56.430366245	56.747163222	104.5	940.5	0.317	836.0	-63.9	
20	Spectrogram 1	1	57.539583751	58.137978042	43.5	1097.2	0.598	1053.7	-48.1	
21	Spectrogram 1	1	58.133578084	58.573573885	113.2	923.1	0.440	809.9	-47.8	
22	Spectrogram 1	1	58.384375691	58.912370653	113.2	923.1	0.528	809.9	-45.9	
23	Spectrogram 1	1	58.802371702	59.119168680	78.4	992.7	0.317	914.4	-53.6	
24	Spectrogram 1	1	59.440365615	59.721962928	104.5	801.2	0.282	696.7	-63.4	
25	Spectrogram 1	1	60.306793071	60.795188411	165.5	914.4	0.488	748.9	-60.3	
26	Spectrogram 1	1	61.384782786	61.701579763	148.0	661.8	0.317	513.8	-54.4	
27	Spectrogram 1	1	61.525581442	61.732379469	148.0	627.0	0.207	479.0	-52.4	
28	Spectrogram 1	1	61.604780686	61.802778797	113.2	583.5	0.198	470.2	-52.6	
29	Spectrogram 1	1	61.908377790	62.220774809	95.8	618.3	0.312	522.5	-49.2	
30	Spectrogram 1	1	62.031576614	62.282374221	61.0	557.3	0.251	496.4	-48.2	
31	Spectrogram 1	1	62.497972164	62.744369813	95.8	896.9	0.246	801.2	-47.1	
32	Spectrogram 1	1	62.594771241	62.779569477	104.5	513.8	0.185	409.3	-43.1	
33	Spectrogram 1	1	62.695970275	62.951167840	148.0	653.1	0.255	505.1	-42.3	
34	Spectrogram 1	1	62.849968806	63.003967336	104.5	505.1	0.154	400.6	-40.2	
35	Spectrogram 1	1	63.188765573	63.659561081	87.1	957.9	0.471	870.8	-56.0	
36	Spectrogram 1	1	63.740810074	64.013607471	217.7	1001.4	0.273	783.7	-47.0	
37	Spectrogram 1	1	63.608811333	63.780409696	69.7	505.1	0.172	435.4	-50.3	
38	Spectrogram 1	1	63.736410116	64.167606001	69.7	696.7	0.431	627.0	-47.7	
39	Spectrogram 1	1	64.123606421	64.304004700	52.2	827.3	0.180	775.0	-50.7	
40	Spectrogram 1	1	64.308404658	64.506402769	261.2	731.5	0.198	470.2	-47.9	
41	Spectrogram 1	1	64.304004700	64.519602643	156.7	452.8	0.216	296.1	-46.3	
42	Spectrogram 1	1	64.563602223	64.796799998	174.2	766.3	0.233	592.2	-54.5	
43	Spectrogram 1	1	64.766000292	65.139996723	191.6	896.9	0.374	705.4	-51.8	
44	Spectrogram 1	1	64.889199116	65.166396472	130.6	792.4	0.277	661.8	-50.5	
45	Spectrogram 1	1	65.065197437	65.395194288	148.0	1088.5	0.330	940.5	-55.3	
46	Spectrogram 1	1	65.452393743	65.896789503	61.0	1367.2	0.444	1306.2	-55.9	
47	Spectrogram 1	1	66.292785724	66.609582702	104.5	809.9	0.317	705.4	-50.3	
48	Spectrogram 1	1	66.380784885	66.684381988	43.5	757.6	0.304	714.1	-47.8	
49	Spectrogram 1	1	66.481983919	66.728381568	113.2	714.1	0.246	600.9	-46.6	
50	Spectrogram 1	1	66.574383037	66.794380938	113.2	592.2	0.220	479.0	-46.8	
51	Spectrogram 1	1	67.507174137	67.705172248	8.7	766.3	0.198	757.6	-47.4	
52	Spectrogram 1	1	67.727172038	67.951569897	209.0	827.3	0.224	618.3	-36.0	
53	Spectrogram 1	1	67.713972164	67.977969645	104.5	548.6	0.264	444.1	-30.9	
54	Spectrogram 1	1	67.700772290	67.898770401	61.0	339.6	0.198	278.7	-42.9	
55	Spectrogram 1	1	67.938370023	68.206767462	174.2	748.9	0.268	574.7	-38.7	
56	Spectrogram 1	1	68.259566959	68.585163852	113.2	722.8	0.326	609.6	-50.4	
57	Spectrogram 1	1	68.855611039	68.992009738	52.2	766.3	0.136	714.1	-48.4	
58	Spectrogram 1	1	68.948010158	69.150408226	121.9	635.7	0.202	513.8	-53.2	
59	Spectrogram 1	1	69.339606421	69.709202895	113.2	879.5	0.370	766.3	-51.7	
60	Spectrogram 1	1	69.612403818	69.916000922	104.5	809.9	0.304	705.4	-49.5	
61	Spectrogram 1	1	70.259197647	70.496795380	87.1	888.2	0.238	801.2	-48.3	
62	Spectrogram 1	1	70.276797479	70.531995044	104.5	470.2	0.255	365.7	-46.1	
63	Spectrogram 1	1	70.589194498	70.835592147	121.9	940.5	0.246	818.6	-47.8	
64	Spectrogram 1	1	70.461595716	70.901591518	139.3	792.4	0.440	653.1	-49.0	
65	Spectrogram 1	1	70.659593827	70.870791812	121.9	522.5	0.211	400.6	-44.5	
66	Spectrogram 1	1	70.916008478	71.166806085	165.5	609.6	0.251	444.1	-49.1	
67	Spectrogram 1	1	71.061207093	71.303204784	61.0	496.4	0.242	435.4	-44.6	
68	Spectrogram 1	1	71.232805456	71.532002601	113.2	661.8	0.299	548.6	-47.7	
69	Spectrogram 1	1	71.457203315	71.624401719	78.4	705.4	0.167	627.0	-49.6	
70	Spectrogram 1	1	71.540802517	71.782800208	182.9	566.0	0.242	383.2	-49.0	
71	Spectrogram 1	1	72.460393743	72.579192609	148.0	609.6	0.119	461.5	-41.0	
72	Spectrogram 1	1	72.565992735	72.790390594	174.2	592.2	0.224	418.0	-46.2	
73	Spectrogram 1	1	73.107187571	73.393184843	182.9	748.9	0.286	566.0	-54.4	
74	Spectrogram 1	1	73.608782786	73.828780686	69.7	418.0	0.220	348.3	-53.4	
75	Spectrogram 1	1	74.325615027	74.572012676	87.1	583.5	0.246	496.4	-46.1	
76	Spectrogram 1	1	74.532413054	74.770010787	113.2	548.6	0.238	435.4	-45.6	
77	Spectrogram 1	1	74.664411795	74.888809654	156.7	566.0	0.224	409.3	-46.6	
78	Spectrogram 1	1	74.783210661	75.157207093	95.8	592.2	0.374	496.4	-51.0	
79	Spectrogram 1	1	75.865600334	76.147197647	104.5	862.1	0.282	757.6	-50.8	
80	Spectrogram 1	1	75.922799788	76.270396472	174.2	809.9	0.348	635.7	-50.7	
81	Spectrogram 1	1	76.617993155	76.930390174	61.0	574.7	0.312	513.8	-57.1	
82	Spectrogram 1	1	76.815991266	77.044789083	121.9	818.6	0.229	696.7	-54.9	
83	Spectrogram 1	1	77.062388915	77.436385346	61.0	661.8	0.374	600.9	-52.2	
84	Spectrogram 1	1	79.964017714	80.421613348	130.6	792.4	0.458	661.8	-57.6	
85	Spectrogram 1	1	80.602011627	80.822009528	95.8	896.9	0.220	801.2	-51.3	
86	Spectrogram 1	1	80.795609780	81.138806505	52.2	670.5	0.343	618.3	-48.7	
87	Spectrogram 1	1	81.090406967	81.372004280	87.1	661.8	0.282	574.7	-48.1	
88	Spectrogram 1	1	83.228786564	83.453184423	95.8	896.9	0.224	801.2	-59.2	
89	Spectrogram 1	1	83.510383877	83.818380938	95.8	870.8	0.308	775.0	-48.0	
90	Spectrogram 1	1	83.558783415	83.893180225	69.7	696.7	0.334	627.0	-47.3	
91	Spectrogram 1	1	84.099978252	84.280376530	148.0	722.8	0.180	574.7	-46.2	
92	Spectrogram 1	1	84.143977832	84.443174977	130.6	775.0	0.299	644.4	-48.2	
93	Spectrogram 1	1	84.575173718	84.856771031	95.8	609.6	0.282	513.8	-52.1	
94	Spectrogram 1	1	84.940370233	85.261567168	113.2	818.6	0.321	705.4	-52.7	
95	Spectrogram 1	1	85.428765573	85.622363726	78.4	827.3	0.194	748.9	-52.8	
96	Spectrogram 1	1	85.840800418	86.100397941	148.0	870.8	0.260	722.8	-50.7	
97	Spectrogram 1	1	85.884799998	86.219196807	174.2	766.3	0.334	592.2	-51.1	
98	Spectrogram 1	1	86.791191350	87.077188621	52.2	592.2	0.286	539.9	-53.5	
99	Spectrogram 1	1	86.980389545	87.204787404	104.5	600.9	0.224	496.4	-48.8	
100	Spectrogram 1	1	87.046388915	87.402785514	0.0	653.1	0.356	653.1	-45.6	
101	Spectrogram 1	1	87.415985388	87.605183583	121.9	653.1	0.189	531.2	-48.7	
102	Spectrogram 1	1	87.512784465	87.789981820	52.2	618.3	0.277	566.0	-49.4	
103	Spectrogram 1	1	87.781181904	88.018779637	52.2	592.2	0.238	539.9	-44.9	
104	Spectrogram 1	1	87.943980351	88.190378000	61.0	513.8	0.246	452.8	-43.2	
105	Spectrogram 1	1	88.190378000	88.370776278	113.2	870.8	0.180	757.6	-41.4	
106	Spectrogram 1	1	88.353176446	88.621573885	139.3	783.7	0.268	644.4	-42.1	
107	Spectrogram 1	1	89.156015195	89.450812383	156.7	853.4	0.295	696.7	-55.2	
108	Spectrogram 1	1	89.706009948	89.948007639	0.0	644.4	0.242	644.4	-46.2	
109	Spectrogram 1	1	90.066806505	90.220805036	69.7	557.3	0.154	487.7	-41.8	
110	Spectrogram 1	1	91.109596555	91.320794540	61.0	557.3	0.211	496.4	-44.1	
111	Spectrogram 1	1	91.215195548	91.421993575	78.4	592.2	0.207	513.8	-39.1	
112	Spectrogram 1	1	91.294394792	91.514392693	61.0	618.3	0.220	557.3	-39.1	
113	Spectrogram 1	1	91.404393743	91.602391854	78.4	574.7	0.198	496.4	-41.3	
114	Spectrogram 1	1	91.637591518	91.914788873	113.2	653.1	0.277	539.9	-41.5	
115	Spectrogram 1	1	91.888389125	92.139186732	113.2	748.9	0.251	635.7	-39.9	
116	Spectrogram 1	1	92.301985179	92.464783625	130.6	592.2	0.163	461.5	-46.2	
117	Spectrogram 1	1	92.341584801	92.662781736	78.4	818.6	0.321	740.2	-49.7	
118	Spectrogram 1	1	92.851979931	93.225976362	95.8	661.8	0.374	566.0	-53.2	
119	Spectrogram 1	1	93.371174977	93.837570527	130.6	731.5	0.466	600.9	-55.1	
120	Spectrogram 1	1	93.674772080	93.995969016	113.2	679.2	0.321	566.0	-51.1	
121	Spectrogram 1	1	93.885970065	94.237966707	78.4	618.3	0.352	539.9	-51.3	
122	Spectrogram 1	1	94.952802937	95.159600964	121.9	975.3	0.207	853.4	-57.8	
123	Spectrogram 1	1	95.317999452	95.449998193	470.2	1045.0	0.132	574.7	-54.8	
124	Spectrogram 1	1	95.295999662	95.533597395	139.3	766.3	0.238	627.0	-50.7	
125	Spectrogram 1	1	96.180391224	96.475188411	0.0	679.2	0.295	679.2	-44.5	
126	Spectrogram 1	1	96.734785934	97.038383037	113.2	653.1	0.304	539.9	-53.6	
127	Spectrogram 1	1	96.994383457	97.245181064	95.8	722.8	0.251	627.0	-54.1	
128	Spectrogram 1	1	97.218781316	97.583977832	69.7	600.9	0.365	531.2	-49.5	
129	Spectrogram 1	1	97.619177496	97.790775859	174.2	539.9	0.172	365.7	-44.8	
130	Spectrogram 1	1	97.905174767	98.287971115	87.1	870.8	0.383	783.7	-57.0	
131	Spectrogram 1	1	98.529968806	98.899565279	104.5	1175.6	0.370	1071.1	-53.6	
132	Spectrogram 1	1	99.368428587	99.654425859	104.5	1288.8	0.286	1184.3	-59.7	
133	Spectrogram 1	1	100.301219687	100.714815741	69.7	1306.2	0.414	1236.6	-59.9	
134	Spectrogram 1	1	100.631216539	100.970013306	69.7	757.6	0.339	687.9	-48.1	
135	Spectrogram 1	1	100.785215069	101.212010997	87.1	783.7	0.427	696.7	-46.7	
136	Spectrogram 1	1	101.168011417	101.440808814	104.5	670.5	0.273	566.0	-46.2	
137	Spectrogram 1	1	101.348409696	101.779605582	34.8	931.8	0.431	896.9	-51.2	
138	Spectrogram 1	1	101.960003860	102.435199326	113.2	1027.6	0.475	914.4	-51.6	
139	Spectrogram 1	1	102.316400460	102.685996933	78.4	775.0	0.370	696.7	-46.9	
140	Spectrogram 1	1	102.549598235	102.936794540	148.0	870.8	0.387	722.8	-52.7	
141	Spectrogram 1	1	102.831195548	103.165592357	113.2	827.3	0.334	714.1	-52.9	
142	Spectrogram 1	1	103.680387446	104.071983709	17.4	722.8	0.392	705.4	-53.4	
143	Spectrogram 1	1	104.622406547	104.895203944	174.2	1053.7	0.273	879.5	-53.4	
144	Spectrogram 1	1	107.719976992	108.076373592	78.4	836.0	0.356	757.6	-54.2	
145	Spectrogram 1	1	106.083620695	107.020811753	174.2	1672.0	0.937	1497.8	-55.3	
146	Spectrogram 1	1	119.938400250	121.192388285	78.4	1863.6	1.254	1785.2	-50.9	
147	Spectrogram 1	1	122.705198277	123.272792861	34.8	1227.9	0.568	1193.0	-54.6	
