Selection	View	Channel	Begin Time (s)	End Time (s)	Low Freq (Hz)	High Freq (Hz)	Delta Time (s)	Delta Freq (Hz)	Avg Power Density (dB FS)	Annotation
1	Spectrogram 1	1	32.338161217	33.533408484	107.8	2543.9	1.195	2436.1	-60.8	
2	Spectrogram 1	1	38.839431956	39.293823479	97.0	1002.5	0.454	905.4	-59.9	
3	Spectrogram 1	1	43.490929106	43.881113131	140.1	948.6	0.390	808.4	-58.4	
4	Spectrogram 1	1	42.177144920	42.404340681	97.0	636.0	0.227	539.0	-67.1	
5	Spectrogram 1	1	44.557761377	45.427032117	118.6	2026.5	0.869	1907.9	-60.4	
6	Spectrogram 1	1	46.158009784	46.602523231	75.5	1315.0	0.445	1239.6	-54.4	
7	Spectrogram 1	1	46.499136604	46.938711012	107.8	1293.5	0.440	1185.7	-58.0	
8	Spectrogram 1	1	50.009840111	50.409902213	53.9	786.9	0.400	733.0	-49.9	
9	Spectrogram 1	1	50.913684119	51.585393327	140.1	1315.0	0.672	1174.9	-49.7	
10	Spectrogram 1	1	60.789397887	61.856230159	280.3	1541.4	1.067	1261.2	-53.3	
11	Spectrogram 1	1	63.396298296	63.821055590	53.9	1024.0	0.425	970.1	-58.1	
12	Spectrogram 1	1	65.984687539	66.192127148	97.0	689.9	0.207	592.8	-65.0	
13	Spectrogram 1	1	74.444225598	75.041849232	97.0	1164.1	0.598	1067.1	-42.9	
14	Spectrogram 1	1	87.165740185	87.417631138	53.9	603.6	0.252	549.7	-45.4	
15	Spectrogram 1	1	99.495992348	100.108433096	183.2	1174.9	0.612	991.7	-51.2	
16	Spectrogram 1	1	100.380080202	100.913496338	86.2	1131.8	0.533	1045.6	-54.8	
17	Spectrogram 1	1	109.947126008	110.747250211	140.1	1810.9	0.800	1670.8	-50.3
