Selection	View	Channel	Begin Time (s)	End Time (s)	Low Freq (Hz)	High Freq (Hz)	Delta Time (s)	Delta Freq (Hz)	Avg Power Density (dB FS)	Annotation
1	Spectrogram 1	1	34.682741254	34.890180863	172.5	679.1	0.207	506.6	-63.3	
2	Spectrogram 1	1	37.047100255	37.378015820	107.8	733.0	0.331	625.2	-53.6	
3	Spectrogram 1	1	37.412589089	37.708931386	194.0	959.3	0.296	765.3	-54.8	
4	Spectrogram 1	1	37.590394467	37.921310033	183.2	873.1	0.331	689.9	-52.6	
5	Spectrogram 1	1	37.753382731	38.084298296	172.5	840.8	0.331	668.3	-52.3	
6	Spectrogram 1	1	38.400396747	38.657226738	64.7	948.6	0.257	883.9	-52.3	
7	Spectrogram 1	1	41.653066186	42.305019241	140.1	2145.0	0.652	2004.9	-49.6	
8	Spectrogram 1	1	43.790674663	44.180858688	107.8	1077.9	0.390	970.1	-56.4	
9	Spectrogram 1	1	44.205553880	44.734030977	140.1	1239.6	0.528	1099.5	-60.2	
10	Spectrogram 1	1	48.077968875	48.384189249	97.0	1455.2	0.306	1358.2	-59.5	
11	Spectrogram 1	1	50.568614841	50.943981752	107.8	776.1	0.375	668.3	-54.3	
12	Spectrogram 1	1	50.884713292	51.279836356	75.5	1261.2	0.395	1185.7	-55.4	
13	Spectrogram 1	1	51.255141164	51.674959419	53.9	991.7	0.420	937.8	-54.9	
14	Spectrogram 1	1	52.144168057	52.667706116	118.6	1196.5	0.524	1077.9	-57.6	
15	Spectrogram 1	1	53.261844672	53.469284280	86.2	431.2	0.207	344.9	-58.4	
16	Spectrogram 1	1	54.165688679	54.363250211	97.0	603.6	0.198	506.6	-55.1	
17	Spectrogram 1	1	54.313859828	54.852215002	150.9	1110.2	0.538	959.3	-51.5	
18	Spectrogram 1	1	57.529382731	57.726944262	75.5	840.8	0.198	765.3	-50.6	
19	Spectrogram 1	1	57.751639454	57.939322909	75.5	592.8	0.188	517.4	-46.0	
20	Spectrogram 1	1	60.146161217	60.501771974	107.8	1207.3	0.356	1099.5	-53.1	
21	Spectrogram 1	1	60.867260807	61.094456569	129.3	722.2	0.227	592.8	-51.0	
22	Spectrogram 1	1	60.921590229	61.548848092	75.5	980.9	0.627	905.4	-49.4	
23	Spectrogram 1	1	61.257444833	61.687141164	97.0	916.2	0.430	819.2	-50.0	
24	Spectrogram 1	1	62.013117691	62.121776534	43.1	560.5	0.109	517.4	-50.6	
25	Spectrogram 1	1	62.403301717	62.679887861	75.5	560.5	0.277	485.1	-46.1	
26	Spectrogram 1	1	62.595924210	62.877449393	97.0	646.7	0.282	549.7	-43.2	
27	Spectrogram 1	1	62.818180933	63.020681503	129.3	743.8	0.203	614.4	-46.7	
28	Spectrogram 1	1	63.030559580	63.287389571	75.5	636.0	0.257	560.5	-38.6	
29	Spectrogram 1	1	63.950674663	64.355675803	118.6	959.3	0.405	840.8	-47.3	
30	Spectrogram 1	1	64.908848092	65.160739045	183.2	1024.0	0.252	840.8	-53.5	
31	Spectrogram 1	1	65.121226738	65.462020381	107.8	625.2	0.341	517.4	-48.2	
32	Spectrogram 1	1	65.466959419	65.773179793	161.7	862.3	0.306	700.6	-48.6	
33	Spectrogram 1	1	66.044826899	66.365864388	247.9	1034.8	0.321	786.9	-53.0	
34	Spectrogram 1	1	66.331291120	66.568364958	129.3	689.9	0.237	560.5	-53.0	
35	Spectrogram 1	1	66.767339541	67.009352418	97.0	1099.5	0.242	1002.5	-50.0	
36	Spectrogram 1	1	67.201974911	67.369902213	43.1	808.4	0.168	765.3	-44.9	
37	Spectrogram 1	1	68.263868144	68.787406203	53.9	927.0	0.524	873.1	-51.9	
38	Spectrogram 1	1	69.468993488	69.878933666	53.9	916.2	0.410	862.3	-48.7	
39	Spectrogram 1	1	70.041921930	70.259239615	64.7	528.2	0.217	463.5	-45.4	
40	Spectrogram 1	1	70.367898457	70.634606525	161.7	948.6	0.267	786.9	-52.7	
41	Spectrogram 1	1	70.733387291	70.995156321	43.1	776.1	0.262	733.0	-53.8	
42	Spectrogram 1	1	71.139966595	71.426430816	86.2	905.4	0.286	819.2	-53.2	
43	Spectrogram 1	1	71.456065046	71.619053310	118.6	452.7	0.163	334.2	-40.5	
44	Spectrogram 1	1	71.688199846	71.880822339	86.2	636.0	0.193	549.7	-39.5	
45	Spectrogram 1	1	72.369787130	72.537714432	75.5	625.2	0.168	549.7	-44.6	
46	Spectrogram 1	1	72.611800007	72.918020381	53.9	657.5	0.306	603.6	-46.0	
47	Spectrogram 1	1	72.789605385	73.031618261	107.8	862.3	0.242	754.5	-46.7	
48	Spectrogram 1	1	73.560095359	73.811986312	97.0	819.2	0.252	722.2	-46.8	
49	Spectrogram 1	1	73.091136604	73.204734485	64.7	474.3	0.114	409.6	-51.2	
50	Spectrogram 1	1	75.029584962	75.264313453	53.9	625.2	0.235	571.3	-49.2	
51	Spectrogram 1	1	75.928489931	76.452027990	107.8	980.9	0.524	873.1	-52.9	
52	Spectrogram 1	1	76.432271837	76.733553173	86.2	646.7	0.301	560.5	-44.2	
54	Spectrogram 1	1	76.589451311	76.701208990	152.4	571.6	0.112	419.2	-40.3	
55	Spectrogram 1	1	76.613898304	76.809474242	122.0	571.6	0.196	449.7	-40.8	
56	Spectrogram 1	1	76.771057540	76.893292501	167.7	533.5	0.122	365.9	-39.6	
57	Spectrogram 1	1	76.921231921	77.127285142	137.2	617.4	0.206	480.2	-42.5	
58	Spectrogram 1	1	77.193641264	77.326353507	160.1	564.0	0.133	404.0	-45.2	
59	Spectrogram 1	1	77.598762850	77.853710055	91.5	731.7	0.255	640.2	-42.2	
60	Spectrogram 1	1	78.905968121	79.227271448	122.0	899.4	0.321	777.4	-48.6	
61	Spectrogram 1	1	79.429832242	79.876862958	68.6	929.9	0.447	861.3	-47.1	
62	Spectrogram 1	1	79.702241584	79.999097919	53.4	594.5	0.297	541.2	-48.7	
63	Spectrogram 1	1	80.313416392	80.543916605	137.2	838.4	0.231	701.2	-43.8	
64	Spectrogram 1	1	80.488037765	80.711553123	114.3	708.8	0.224	594.5	-49.4	
65	Spectrogram 1	1	81.190015686	81.518303869	175.3	899.4	0.328	724.1	-44.9	
66	Spectrogram 1	1	81.954857302	82.119001393	144.8	1029.0	0.164	884.1	-43.6	
67	Spectrogram 1	1	82.578565791	83.025596508	167.7	830.8	0.447	663.1	-45.9	
68	Spectrogram 1	1	83.965059497	84.094279313	137.2	830.8	0.129	693.6	-41.6	
69	Spectrogram 1	1	85.071108355	85.319070705	83.8	891.8	0.248	807.9	-45.5	
70	Spectrogram 1	1	85.413366247	85.689268017	76.2	807.9	0.276	731.7	-46.3	
71	Spectrogram 1	1	86.176858933	86.480700123	91.5	678.4	0.304	586.9	-49.0	
72	Spectrogram 1	1	86.396881863	86.599442657	175.3	800.3	0.203	625.0	-47.1	
73	Spectrogram 1	1	86.920745984	87.133784060	38.1	655.5	0.213	617.4	-45.1	
74	Spectrogram 1	1	87.151246197	87.580814776	152.4	1150.9	0.430	998.5	-46.7	
75	Spectrogram 1	1	88.055248901	88.505772044	99.1	769.8	0.451	670.7	-51.6	
76	Spectrogram 1	1	88.861999646	89.123931707	68.6	1089.9	0.262	1021.3	-52.9	
77	Spectrogram 1	1	89.452219889	89.804955063	99.1	739.3	0.353	640.2	-49.5	
78	Spectrogram 1	1	90.054011720	90.357852910	53.4	579.3	0.304	525.9	-47.7	
79	Spectrogram 1	1	90.291496788	90.462625734	190.5	609.8	0.171	419.2	-46.4	
80	Spectrogram 1	1	91.059830832	91.391611441	76.2	655.5	0.332	579.3	-49.5	
81	Spectrogram 1	1	91.594172234	91.904998279	91.5	625.0	0.311	533.5	-49.3	
82	Spectrogram 1	1	91.884043714	92.138990920	152.4	708.8	0.255	556.4	-42.6	
83	Spectrogram 1	1	91.953892264	92.222809179	76.2	785.1	0.269	708.8	-43.1	
84	Spectrogram 1	1	92.093589363	92.313612293	129.6	724.1	0.220	594.5	-45.3	
85	Spectrogram 1	1	92.324307262	92.565284757	68.6	541.2	0.241	472.6	-45.8	
86	Spectrogram 1	1	92.614178742	92.987868481	106.7	686.0	0.374	579.3	-47.3	
87	Spectrogram 1	1	93.019300328	93.347588511	182.9	861.3	0.328	678.4	-46.1	
88	Spectrogram 1	1	93.424421915	93.724770677	129.6	876.5	0.300	747.0	-44.1	
89	Spectrogram 1	1	93.613012998	93.867960204	106.7	754.6	0.255	647.9	-45.7	
90	Spectrogram 1	1	93.749217670	94.046074005	45.7	846.0	0.297	800.3	-48.3	
91	Spectrogram 1	1	94.287051500	94.524536568	7.6	907.0	0.237	899.4	-44.6	
92	Spectrogram 1	1	94.462124669	94.699609737	91.5	777.4	0.237	686.0	-44.3	
93	Spectrogram 1	1	94.748503722	95.062822194	129.6	861.3	0.314	731.7	-44.1	
94	Spectrogram 1	1	95.747337978	95.981330619	83.8	922.3	0.234	838.4	-48.4	
95	Spectrogram 1	1	97.207172660	97.462119866	228.7	1006.1	0.255	777.4	-50.7	
96	Spectrogram 1	1	97.316056729	97.487185675	198.2	701.2	0.171	503.0	-47.5	
97	Spectrogram 1	1	97.389397706	97.595450927	190.5	876.5	0.206	686.0	-44.8	
98	Spectrogram 1	1	97.888814834	98.007557368	99.1	579.3	0.119	480.2	-51.1	
99	Spectrogram 1	1	98.011049796	98.175193887	68.6	625.0	0.164	556.4	-47.1	
100	Spectrogram 1	1	98.999406770	99.296263105	83.8	632.6	0.297	548.8	-46.6	
101	Spectrogram 1	1	99.142596296	99.408020784	45.7	686.0	0.265	640.2	-45.3	
102	Spectrogram 1	1	100.421042436	100.609633520	30.5	594.5	0.189	564.0	-52.2	
103	Spectrogram 1	1	101.175406770	101.419876693	175.3	907.0	0.244	731.7	-53.4	
104	Spectrogram 1	1	101.807536142	101.943740813	122.0	632.6	0.136	510.7	-52.9	
105	Spectrogram 1	1	102.083437912	102.237104721	114.3	647.9	0.154	533.5	-46.3	
106	Spectrogram 1	1	102.115087446	102.460837765	99.1	747.0	0.346	647.9	-49.0	
107	Spectrogram 1	1	104.266139388	104.692215540	106.7	899.4	0.426	792.7	-54.4	
108	Spectrogram 1	1	104.709677677	105.010026439	99.1	907.0	0.300	807.9	-50.2	
109	Spectrogram 1	1	108.439951389	108.946353372	167.7	1402.4	0.506	1234.8	-55.0	
110	Spectrogram 1	1	108.831103265	109.225747569	182.9	1311.0	0.395	1128.0	-56.3	
111	Spectrogram 1	1	110.734951566	111.223891412	83.8	1006.1	0.489	922.3	-49.5	
112	Spectrogram 1	1	114.866276972	115.494913916	45.7	1288.1	0.629	1242.4	-51.3	
