Selection	View	Channel	Begin Time (s)	End Time (s)	Low Freq (Hz)	High Freq (Hz)	Delta Time (s)	Delta Freq (Hz)	Avg Power Density (dB FS)	Annotation
1	Spectrogram 1	1	6.620107477	6.911011899	85.1	916.6	0.291	831.5	-55.9	
2	Spectrogram 1	1	10.909336642	11.115960344	150.6	916.6	0.207	766.0	-51.4	
3	Spectrogram 1	1	21.384989641	21.697643927	150.6	1250.5	0.313	1099.9	-57.4	
4	Spectrogram 1	1	23.371574056	23.831039918	117.9	1067.2	0.459	949.4	-49.3	
5	Spectrogram 1	1	28.019973865	28.384284075	104.8	811.9	0.364	707.1	-54.1	
6	Spectrogram 1	1	29.876868445	30.140585538	98.2	792.2	0.264	694.0	-53.3	
7	Spectrogram 1	1	34.018866107	34.244520939	65.5	726.7	0.226	661.3	-48.7	
8	Spectrogram 1	1	34.527269162	34.801861186	91.7	680.9	0.275	589.3	-51.9	
9	Spectrogram 1	1	40.743301124	41.341422365	78.6	1113.0	0.598	1034.5	-47.6	
