Selection	View	Channel	Begin Time (s)	End Time (s)	Low Freq (Hz)	High Freq (Hz)	Delta Time (s)	Delta Freq (Hz)	Avg Power Density (dB FS)	Annotation
1	Spectrogram 1	1	0.241569963	0.931769859	174.6	2094.8	0.690	1920.2	-51.0	
2	Spectrogram 1	1	17.033636346	17.477952529	74.8	1122.2	0.444	1047.4	-59.2	
3	Spectrogram 1	1	33.689521480	33.913836446	99.8	798.0	0.224	698.3	-60.7	
4	Spectrogram 1	1	35.498948427	35.697380897	74.8	723.2	0.198	648.4	-63.2	
5	Spectrogram 1	1	35.632674657	35.852675874	87.3	710.7	0.220	623.4	-59.3	
6	Spectrogram 1	1	42.204713927	42.795697588	99.8	972.6	0.591	872.8	-59.0	
7	Spectrogram 1	1	46.315661252	46.794487429	37.4	1334.2	0.479	1296.8	-57.1	
8	Spectrogram 1	1	48.412143434	48.610575904	149.6	1184.5	0.198	1034.9	-50.4	
9	Spectrogram 1	1	48.498418421	48.705478389	62.3	760.6	0.207	698.3	-54.8	
