Selection	View	Channel	Begin Time (s)	End Time (s)	Low Freq (Hz)	High Freq (Hz)	Delta Time (s)	Delta Freq (Hz)	Avg Power Density (dB FS)	Annotation
1	Spectrogram 1	1	13.912332039	16.212769903	65.5	2440.6	2.300	2375.1	-51.3	
2	Spectrogram 1	1	54.204756061	55.430359321	114.7	1343.2	1.226	1228.5	-44.2	
3	Spectrogram 1	1	53.470366807	53.601681442	73.7	565.1	0.131	491.4	-56.2	
4	Spectrogram 1	1	67.410641431	67.794858325	90.1	712.5	0.384	622.4	-48.9	
5	Spectrogram 1	1	85.685900263	85.967983553	57.3	868.1	0.282	810.8	-54.8	
6	Spectrogram 1	1	86.935821048	87.402717528	73.7	704.3	0.467	630.6	-56.5	
7	Spectrogram 1	1	89.077160527	89.874775346	81.9	1113.8	0.798	1031.9	-47.5	
8	Spectrogram 1	1	94.099272169	94.391082469	139.2	851.8	0.292	712.5	-52.7	
9	Spectrogram 1	1	95.334602438	95.660457273	106.5	761.7	0.326	655.2	-53.9	
10	Spectrogram 1	1	105.504737208	105.801411013	229.3	1236.7	0.297	1007.4	-57.1
