Selection	View	Channel	Begin Time (s)	End Time (s)	Low Freq (Hz)	High Freq (Hz)	Delta Time (s)	Delta Freq (Hz)	Avg Power Density (dB FS)	Annotation
1	Spectrogram 1	1	17.564058620	18.484912325	122.8	2594.4	0.921	2471.6	-64.6	
3	Spectrogram 1	1	29.178250136	29.873317595	147.3	1244.0	0.695	1096.7	-62.6	
4	Spectrogram 1	1	34.255671173	34.662971850	65.5	1628.6	0.407	1563.2	-58.1	
5	Spectrogram 1	1	37.542738633	37.888058772	65.5	1023.0	0.345	957.5	-60.0	
6	Spectrogram 1	1	38.744758753	39.160913793	81.8	990.3	0.416	908.4	-56.7	
7	Spectrogram 1	1	40.559749352	41.082156741	40.9	1039.4	0.522	998.5	-58.5	
8	Spectrogram 1	1	43.618931609	44.052795374	81.8	769.3	0.434	687.5	-56.5	
9	Spectrogram 1	1	45.024291989	45.214660784	8.2	401.0	0.190	392.8	-61.3	
10	Spectrogram 1	1	54.485184947	54.733107098	57.3	965.7	0.248	908.4	-55.6	
11	Spectrogram 1	1	54.631281929	54.941184618	130.9	810.2	0.310	679.3	-53.1	
12	Spectrogram 1	1	57.093728902	57.421340316	90.0	810.2	0.328	720.2	-52.3	
13	Spectrogram 1	1	57.815359449	57.917184618	32.7	859.3	0.102	826.6	-47.7	
14	Spectrogram 1	1	59.765418165	60.159437298	106.4	523.8	0.394	417.4	-61.9	
15	Spectrogram 1	1	61.199824896	61.549572216	73.7	785.7	0.350	712.0	-55.0	
16	Spectrogram 1	1	61.531863491	61.677960473	81.8	973.9	0.146	892.1	-53.7	
17	Spectrogram 1	1	63.406660126	63.592601739	57.3	1047.6	0.186	990.3	-58.0	
18	Spectrogram 1	1	63.628019189	63.968912147	114.6	892.1	0.341	777.5	-50.1	
19	Spectrogram 1	1	65.424291331	65.760757107	73.7	720.2	0.336	646.5	-54.0	
20	Spectrogram 1	1	66.061805434	66.318581947	57.3	933.0	0.257	875.7	-46.6	
21	Spectrogram 1	1	66.212329597	66.345145035	81.8	540.2	0.133	458.3	-42.8	
22	Spectrogram 1	1	66.389416848	66.615203093	90.0	622.0	0.226	532.0	-43.4	
23	Spectrogram 1	1	66.906233603	67.238272198	90.0	998.5	0.332	908.4	-54.9	
24	Spectrogram 1	1	68.154698721	68.371630603	57.3	883.9	0.217	826.6	-49.0	
25	Spectrogram 1	1	68.345067515	68.606271210	40.9	605.6	0.261	564.7	-47.0	
26	Spectrogram 1	1	70.316252406	70.519902745	16.4	597.4	0.204	581.1	-54.0	
27	Spectrogram 1	1	70.488912476	70.758970533	98.2	777.5	0.270	679.3	-46.6	
28	Spectrogram 1	1	72.100407775	72.370465833	106.4	883.9	0.270	777.5	-53.7	
29	Spectrogram 1	1	72.392601739	72.773339328	155.5	1203.1	0.381	1047.6	-52.5	
30	Spectrogram 1	1	74.164640334	74.487824567	81.8	671.1	0.323	589.3	-49.5	
31	Spectrogram 1	1	76.572796361	76.882699050	65.5	793.9	0.310	728.4	-48.6	
32	Spectrogram 1	1	76.887126231	77.201456101	122.8	883.9	0.314	761.1	-53.2	
33	Spectrogram 1	1	77.161611470	77.338698721	90.0	900.3	0.177	810.2	-48.5	
34	Spectrogram 1	1	79.415980923	79.632912805	40.9	818.4	0.217	777.5	-49.5	
35	Spectrogram 1	1	80.053495026	80.438659796	122.8	1014.8	0.385	892.1	-49.9	
36	Spectrogram 1	1	81.005338999	81.244406787	139.1	834.8	0.239	695.6	-50.0	
37	Spectrogram 1	1	81.697145364	81.878659796	130.9	622.0	0.182	491.0	-48.7	
38	Spectrogram 1	1	81.958349059	82.232834298	57.3	540.2	0.274	482.9	-46.7	
39	Spectrogram 1	1	82.476329268	82.772950413	40.9	662.9	0.297	622.0	-50.0	
40	Spectrogram 1	1	82.764096050	82.981027933	32.7	556.5	0.217	523.8	-46.1	
41	Spectrogram 1	1	84.356485953	84.635398373	73.7	695.6	0.279	622.0	-54.4	
42	Spectrogram 1	1	84.737223542	84.927592337	114.6	867.5	0.190	752.9	-52.8	
43	Spectrogram 1	1	84.936446700	85.140097038	49.1	752.9	0.204	703.8	-52.7	
44	Spectrogram 1	1	86.499241688	86.711746389	114.6	769.3	0.213	654.7	-51.7	
45	Spectrogram 1	1	88.117106769	88.360601739	57.3	605.6	0.243	548.3	-47.9	
46	Spectrogram 1	1	88.763475234	89.064523561	122.8	703.8	0.301	581.1	-44.8	
47	Spectrogram 1	1	88.825455772	89.095513830	106.4	548.3	0.270	441.9	-43.5	
48	Spectrogram 1	1	89.511668869	89.856989008	24.6	785.7	0.345	761.1	-53.6	
49	Spectrogram 1	1	89.952058772	90.217689648	49.1	793.9	0.266	744.8	-48.1	
50	Spectrogram 1	1	90.461184618	90.726815494	114.6	671.1	0.266	556.5	-50.1	
51	Spectrogram 1	1	90.638271869	90.841922207	73.7	572.9	0.204	499.2	-46.3	
52	Spectrogram 1	1	91.346620872	91.647669198	81.8	973.9	0.301	892.1	-49.6	
53	Spectrogram 1	1	91.621106111	91.842465174	73.7	564.7	0.221	491.0	-44.9	
54	Spectrogram 1	1	92.085960144	92.404717195	8.2	671.1	0.319	662.9	-46.4	
55	Spectrogram 1	1	96.450389630	97.034777557	237.3	1325.8	0.584	1088.5	-53.5	
56	Spectrogram 1	1	98.066310793	98.269961132	73.7	622.0	0.204	548.3	-54.5	
57	Spectrogram 1	1	98.261106769	98.531164827	139.1	965.7	0.270	826.6	-51.7	
58	Spectrogram 1	1	98.748096709	98.982737316	16.4	965.7	0.235	949.4	-52.1	
59	Spectrogram 1	1	99.788484307	100.195784984	81.8	957.5	0.407	875.7	-51.9	
60	Spectrogram 1	1	101.146233603	101.358738304	81.8	982.1	0.213	900.3	-52.9	
61	Spectrogram 1	1	102.545222884	102.771009129	122.8	712.0	0.226	589.3	-54.7	
62	Spectrogram 1	1	102.731164497	103.058775911	24.6	924.8	0.328	900.3	-49.7	
63	Spectrogram 1	1	103.986000714	104.247204409	73.7	802.0	0.261	728.4	-50.9	
64	Spectrogram 1	1	104.185223872	104.393301391	32.7	752.9	0.208	720.2	-48.7	
65	Spectrogram 1	1	105.172485295	105.446970533	65.5	720.2	0.274	654.7	-52.2	
66	Spectrogram 1	1	105.960523561	106.257144706	73.7	924.8	0.297	851.1	-49.0	
67	Spectrogram 1	1	106.261571887	106.553765851	114.6	1014.8	0.292	900.3	-51.0	
68	Spectrogram 1	1	107.020718841	107.304058443	139.1	728.4	0.283	589.3	-50.2	
69	Spectrogram 1	1	107.339475893	107.582970863	139.1	728.4	0.243	589.3	-50.1	
70	Spectrogram 1	1	109.959203751	110.207125902	32.7	744.8	0.248	712.0	-52.2	
